87.5054 2.59729 0
105.084 -28.0534 0
97.4029 6.06993 0
112.672 -40.2806 0
119.735 -83.1368 0
118.66 -83.2052 0
117.612 -83.4027 0
109.285 -9.0031 0
111.076 -8.90644 0
108.483 -9.09901 0
117.035 -101.299 0
115.853 -101.242 0
114.679 -101.346 0
101.731 -100.835 0
109.976 -44.0069 0
104.958 -29.8259 0
127.631 -84.7413 0
126.732 -89.5208 0
116.452 -101.656 0
128.177 -101.828 0
109.411 -41.5076 0
103.408 -101.185 0
91.1124 5.58678 0
118.515 -28.3661 0
106.782 -108.665 0
102.295 -101.117 0
87.381 -100.782 0
108.954 -46.9553 0
89.2995 3.15683 0
92.3072 6.75662 0
150.219 -103.745 0
123.438 -90.9541 0
108.451 -108.497 0
107.323 -108.308 0
95.4254 -108.496 0
158.992 -100.198 0
157.779 -100.508 0
155.929 -102.002 0
151.893 -102.007 0
132.725 -112.45 0
130.286 -112.388 0
129.112 -112.562 0
127.935 -112.717 0
126.723 -112.588 0
125.541 -112.647 0
122.114 -89.7313 0
124.371 -112.806 0
123.169 -112.589 0
121.994 -112.621 0
120.825 -112.754 0
100.178 -100.404 0
94.7485 -77.5705 0
108.894 -48.5786 0
104.017 -19.6851 0
133.542 -60.9168 0
133.278 -61.2657 0
132.802 -61.319 0
133.199 -112.825 0
128.443 -112.647 0
122.66 -112.523 0
86.5802 -99.4701 0
107.788 -51.8546 0
108.061 -49.9022 0
108.688 -47.9734 0
107.048 -27.322 0
121.857 -37.0416 0
133.209 -59.845 0
156.175 -101.379 0
113.846 -101.317 0
129.266 -53.0671 0
147.727 -112.524 0
120.556 -119.312 0
119.375 -119.275 0
118.11 -119.278 0
116.931 -119.233 0
114.57 -119.235 0
113.378 -119.342 0
112.191 -119.341 0
111.014 -119.203 0
109.819 -119.223 0
108.618 -119.255 0
107.431 -119.149 0
88.8291 -101.653 0
107.61 -52.3267 0
112.532 -39.9729 0
90.1302 3.39658 0
100.389 -2.41761 0
104.738 0.680355 0
104.931 8.72371 0
129.424 -52.104 0
163.877 -100.186 0
162.891 -100.718 0
154.958 -102.533 0
146.467 -112.373 0
131.698 -89.2356 0
128.784 -85.9998 0
117.77 -119.329 0
110.863 -119.314 0
94.3085 -108.653 0
81.7201 -77.291 0
81.1237 -76.7914 0
104.399 -57.9416 0
106.422 -54.8844 0
106.267 -28.2138 0
133.375 -63.1336 0
133.971 -89.5376 0
124.4 -89.8422 0
121.748 -89.5319 0
104.874 -118.547 0
100.158 -99.8241 0
106.31 -53.8995 0
106.848 -52.9669 0
107.886 -50.9563 0
109.101 -42.8302 0
111.932 -40.2105 0
96.3684 -5.03609 0
97.7204 -4.25582 0
98.4723 -4.01481 0
109.51 -8.96464 0
119.51 -28.4914 0
125.962 -47.933 0
142.814 -47.0582 0
142.922 -48.108 0
141.829 -50.1891 0
142.06 -51.2183 0
142.067 -52.2217 0
159.523 -100.669 0
145.625 -113.736 0
132.714 -89.1228 0
130.438 -90.728 0
130.28 -100.964 0
125.611 -89.0915 0
119.463 -112.925 0
93.2675 -107.594 0
85.1117 -98.5624 0
94.9379 -80.0464 0
94.4888 -76.9658 0
82.549 -78.562 0
77.1914 -76.571 0
104.146 -56.9727 0
105.839 -55.4731 0
107.905 -49.8991 0
109.006 -43.0309 0
109.075 -40.8729 0
99.2283 -3.72174 0
101.123 -1.94952 0
123.815 -45.6754 0
124.156 -46.0006 0
126.159 -47.8114 0
144.289 -39.0715 0
130.215 -46.7685 0
145.043 -40.0656 0
147.051 -41.4731 0
148.668 -42.3121 0
149.274 -43.0755 0
141.362 -51.142 0
161.722 -101.221 0
128.643 -90.6056 0
127.187 -89.1886 0
117.921 -102.157 0
115.621 -119.193 0
106.962 -119.178 0
103.75 -118.65 0
77.5626 -74.9089 0
102.343 -59.9044 0
109.196 -46.0936 0
109.028 -45.7654 0
109.051 -39.999 0
93.1385 7.03487 0
123.564 -46.1188 0
124.241 -47.0884 0
127.03 -47.8882 0
139.31 -36.2374 0
140.089 -36.5468 0
141.275 -37.0528 0
142.001 -37.9758 0
142.875 -38.317 0
143.037 -38.6561 0
130.037 -54.5172 0
176.94 -102.176 0
164.345 -92.0689 0
175.213 -103.703 0
163.86 -95.4103 0
171.189 -102.873 0
170.306 -103.527 0
148.543 -111.516 0
147.055 -113.138 0
143.92 -113.367 0
129.334 -101.814 0
120.836 -89.5147 0
101.6 -125.446 0
100.48 -125.113 0
95.8623 -81.4113 0
81.562 -83.7136 0
82.6708 -79.2612 0
77.5041 -75.191 0
101.316 -38.6613 0
103.188 -20.238 0
96.3845 5.86946 0
98.2876 6.66215 0
112.029 -7.15503 0
120.757 -37.9399 0
122.774 -45.695 0
136.024 -33.7066 0
128.137 -46.9916 0
136.66 -34.1574 0
137.299 -34.6031 0
138.286 -35.2378 0
139.246 -35.9205 0
143.972 -39.2066 0
172.46 -94.5918 0
172.159 -95.6283 0
179.71 -101.882 0
165.655 -91.3781 0
178.678 -102.513 0
171.429 -97.6422 0
152.069 -102.243 0
148.018 -112.224 0
134.411 -89.239 0
129.268 -86.0599 0
131.632 -112.865 0
127.815 -90.1117 0
109.727 -109.074 0
108.844 -109.03 0
98.4108 -125.307 0
95.9121 -125.329 0
93.3529 -125.344 0
92.1791 -125.059 0
81.065 -75.9431 0
77.4863 -77.6466 0
103.191 -58.8188 0
103.879 -57.7908 0
109.003 -47.4604 0
113.157 -39.7491 0
86.5942 1.38046 0
105.909 -19.0378 0
110.525 -9.35072 0
123.884 -47.2588 0
127.339 -46.9944 0
134.099 -32.2187 0
135.091 -33.0355 0
129.552 -45.9374 0
149.455 -18.1173 0
161.149 -18.5834 0
169.727 -12.6862 0
128.48 -52.3422 0
130.014 -53.0913 0
179.605 -42.7032 0
133.16 -62.184 0
173.724 -90.0486 0
172.545 -91.5096 0
172.719 -92.7994 0
172.438 -93.7779 0
180.996 -100.297 0
174.275 -104.831 0
165.647 -99.1679 0
150.748 -102.76 0
142.591 -114.104 0
128.737 -86.0825 0
129.022 -91.4368 0
126.749 -90.0219 0
124.183 -90.1382 0
102.941 -102.37 0
91.1705 -124.453 0
90.0574 -124.062 0
77.6116 -94.5995 0
94.9017 -78.6969 0
81.9624 -78.1151 0
76.8955 -73.5874 0
101.829 -59.2988 0
102.952 -58.5222 0
105.691 -54.902 0
85.1533 1.08483 0
96.9532 -4.75864 0
105.865 -18.9341 0
105.02 0.838711 0
132.348 -31.1863 0
133.565 -31.7276 0
134.028 -33.6087 0
148.357 -17.6698 0
142.063 -49.4376 0
142.378 -50.6458 0
187.66 -36.4995 0
187.008 -37.8178 0
158.929 -49.4537 0
146.365 -113.578 0
130.154 -86.2011 0
127.007 -85.0489 0
118.92 -112.616 0
114.892 -100.834 0
105.302 -119.196 0
99.7765 -125.335 0
97.4992 -125.039 0
89.8156 -125.227 0
88.7866 -124.67 0
102.479 -90.2402 0
101.997 -89.8851 0
76.5381 -93.3511 0
94.7118 -79.918 0
87.9509 -77.5053 0
76.9834 -74.1544 0
84.1827 -68.5209 0
84.0169 -67.8864 0
98.5672 -62.7757 0
99.1883 -61.8736 0
104.948 -55.9277 0
102.233 -38.0895 0
103.664 -30.0847 0
95.3624 -5.69428 0
101.212 -2.15039 0
99.7527 7.08188 0
112.065 -8.82927 0
122.335 -46.0477 0
114.377 -8.07561 0
130.018 -29.8165 0
133.669 -10.1526 0
130.86 -30.3547 0
134.328 -10.9646 0
131.296 -30.5918 0
135.141 -10.8781 0
129.897 -46.1326 0
137.946 -35.0884 0
159.494 -18.1179 0
167.015 -11.9792 0
162.461 -18.6086 0
146.347 -40.7886 0
169.491 -19.2027 0
170.53 -20.8005 0
171.187 -21.4737 0
186.208 -33.0317 0
145.531 -52.0268 0
187.624 -38.0602 0
179.529 -41.905 0
187.88 -39.0656 0
185.779 -86.3462 0
166.254 -90.7536 0
171.926 -96.149 0
177.438 -101.728 0
159.538 -101.088 0
149.977 -104.011 0
148.595 -104.723 0
148.364 -106.012 0
149.031 -111.312 0
136.035 -89.7029 0
135.59 -89.8893 0
140.851 -114.302 0
132.872 -88.8931 0
131.348 -90.6936 0
130.615 -92.2702 0
133.644 -113.03 0
131.144 -100.564 0
129.588 -92.382 0
131.095 -113.052 0
122.893 -90.0307 0
114.59 -112.608 0
112.654 -113.503 0
113.976 -100.428 0
105.906 -107.797 0
85.5246 -125.277 0
98.9278 -99.8206 0
88.9588 -102.06 0
86.1223 -98.8021 0
94.843 -81.0883 0
77.5757 -92.1975 0
77.1705 -91.3898 0
76.7277 -90.6078 0
81.8528 -84.7938 0
82.1225 -83.7722 0
78.4262 -81.1467 0
78.091 -80.4117 0
77.9083 -79.6214 0
77.6529 -78.8569 0
81.18 -74.4454 0
71.3638 -71.9277 0
70.9662 -70.2277 0
84.031 -66.7144 0
98.6896 -63.0181 0
101.488 -60.1039 0
105.093 -56.2546 0
108.01 -51.0047 0
101.01 -39.3868 0
102.418 -37.8386 0
106.806 -27.8824 0
102.574 -20.6566 0
88.6891 3.05224 0
92.4306 -1.19533 0
103.851 -19.9123 0
93.3793 -0.674736 0
91.3561 3.04191 0
94.4052 -0.300991 0
106.475 -18.5436 0
103.453 0.116505 0
110.52 -8.98933 0
105.106 8.83147 0
106.22 9.12425 0
113.527 -6.77776 0
115.554 -7.89718 0
129.117 -29.3275 0
128.049 -45.6309 0
132.3 -10.1554 0
133.987 -9.83929 0
127.927 -52.7778 0
135.333 -11.6622 0
132.42 -30.9764 0
148.837 -18.1592 0
131.204 -52.926 0
131.299 -53.082 0
151.557 -18.0502 0
155.788 -17.3775 0
156.346 -18.0413 0
157.2 -18.2733 0
158.264 -18.2323 0
160.748 -17.7955 0
145.466 -39.6705 0
168.827 -12.3989 0
169.635 -13.0255 0
172.246 -13.2334 0
151.066 -36.4804 0
173.944 -12.8789 0
174.663 -13.6723 0
141.941 -46.8683 0
152.063 -37.0594 0
176.011 -13.8539 0
153.335 -37.4152 0
152.999 -38.4713 0
153.861 -38.4654 0
141.589 -52.2764 0
179.599 -30.4156 0
180.06 -31.2674 0
154.771 -46.3023 0
180.116 -32.3415 0
145.378 -51.8605 0
155.117 -46.6926 0
180.415 -33.2701 0
155.326 -47.1577 0
146.073 -52.6484 0
186.583 -34.6789 0
157.289 -48.5225 0
186.265 -35.9448 0
157.496 -49.0076 0
179.428 -39.8929 0
179.74 -40.7368 0
142.489 -56.1145 0
158.939 -50.1674 0
179.523 -43.6614 0
134.005 -61.0796 0
134.238 -63.1322 0
156.621 -70.1222 0
156.215 -71.0173 0
186.079 -86.4807 0
185.965 -87.528 0
185.628 -89.604 0
180.841 -99.8703 0
171.95 -95.8068 0
164.579 -91.232 0
172.15 -97.0778 0
177.098 -102.172 0
163.721 -93.4476 0
164.079 -94.7721 0
174.258 -105.035 0
169.181 -103.018 0
153.613 -102.671 0
149.571 -99.0057 0
148.674 -98.8225 0
141.714 -87.9526 0
141.312 -88.186 0
140.836 -88.2818 0
148.486 -105.77 0
144.991 -114.155 0
135.17 -90.1357 0
134.704 -90.1512 0
133.047 -88.9892 0
131.736 -88.9381 0
132.858 -113.001 0
130.896 -101.529 0
128.946 -91.7158 0
129.568 -100.783 0
129.033 -102.044 0
117.779 -112.382 0
116.977 -112.353 0
100.02 -126.125 0
107.107 -107.44 0
105.909 -108.21 0
97.082 -124.774 0
94.5615 -124.953 0
91.9578 -125.112 0
103.913 -102.294 0
90.3413 -125.668 0
87.9461 -125.206 0
86.9884 -124.566 0
95.886 -109.165 0
85.975 -124.011 0
99.3993 -99.9913 0
89.1837 -102.347 0
87.7499 -101.361 0
77.1964 -93.9694 0
83.8321 -87.961 0
82.9609 -86.6604 0
82.5929 -85.9711 0
95.2217 -78.7301 0
82.438 -80.1746 0
78.173 -79.2552 0
82.0651 -77.1623 0
78.0358 -78.4551 0
76.8287 -72.9823 0
68.1172 -70.0305 0
83.9831 -67.3946 0
68.1906 -69.091 0
83.9775 -66.7173 0
67.9823 -68.1827 0
106.921 -51.7628 0
103.879 -29.9394 0
89.3718 2.90249 0
90.9026 2.59806 0
108.102 -27.0961 0
99.7345 -2.61169 0
96.9474 6.35371 0
107.929 -9.89831 0
103.048 6.86309 0
102.608 8.12988 0
103.695 8.33615 0
111.304 -9.02257 0
105.862 9.31879 0
115.221 -6.20564 0
128.785 -28.9785 0
130.899 -52.9498 0
147.121 -14.5621 0
147.606 -15.539 0
148.281 -16.0279 0
149.229 -17.8133 0
150.934 -17.9691 0
153.656 -18.0751 0
159.838 -17.8884 0
170.518 -13.4505 0
152.075 -35.7626 0
152.527 -36.1327 0
173.576 -13.1822 0
174.133 -14.1514 0
141.922 -49.1263 0
133.702 -58.8636 0
144.933 -51.7335 0
134.009 -62.4711 0
169.797 -69.5832 0
165.315 -69.5604 0
169.79 -70.2599 0
165.103 -70.1329 0
165 -70.7222 0
169.568 -71.5835 0
164.771 -71.2859 0
186.054 -93.2542 0
185.271 -94.0016 0
185.186 -95.1169 0
173.642 -89.7641 0
184.639 -95.9873 0
185.261 -96.3396 0
173.117 -91.3828 0
185.95 -99.1857 0
185.441 -100.129 0
187.514 -102.756 0
181.612 -100.126 0
186.825 -103.641 0
187.224 -105.281 0
165.465 -90.9998 0
180.308 -101.699 0
186.449 -106.125 0
177.656 -100.99 0
164.527 -93.05 0
171.877 -100.034 0
170.193 -99.7811 0
164.378 -95.8554 0
163.83 -96.389 0
173.919 -105.492 0
164.428 -100.199 0
160.11 -100.213 0
152.296 -101.991 0
152.973 -103.043 0
144.221 -90.2849 0
143.762 -90.4656 0
142.911 -90.9332 0
148.879 -107.92 0
129.463 -85.9348 0
129.82 -90.9582 0
128.792 -100.742 0
123.502 -91.0512 0
118.005 -114.621 0
117.279 -114.446 0
118.004 -102.138 0
115.949 -100.551 0
109.965 -118.722 0
114.278 -99.9023 0
104.935 -119.31 0
119.264 -84.0866 0
96.4728 -125.606 0
94.7882 -126.477 0
93.7752 -126.032 0
91.1583 -126.116 0
103.128 -103.153 0
89.2405 -124.94 0
88.7119 -125.77 0
112.848 -85.6814 0
101.733 -101.472 0
85.9701 -123.867 0
112.437 -84.8704 0
95.1207 -107.904 0
84.09 -122.577 0
99.889 -100.374 0
111.969 -84.1711 0
111.641 -83.9442 0
78.8203 -119.943 0
78.4296 -116.972 0
77.7361 -116.064 0
89.1347 -103.075 0
88.1273 -100.6 0
86.8949 -100.567 0
77.9826 -103.169 0
77.5242 -102.276 0
77.8041 -100.852 0
77.5315 -99.8589 0
77.6718 -98.5971 0
78.2447 -96.0575 0
77.7298 -95.293 0
76.6217 -92.7478 0
76.7366 -91.6479 0
76.0696 -89.9554 0
75.7032 -89.1289 0
76.813 -86.6738 0
69.0496 -85.8669 0
68.806 -84.9141 0
77.4349 -81.0343 0
68.4647 -83.9964 0
86.2256 -77.4126 0
85.9995 -76.7674 0
67.9681 -82.1016 0
76.9887 -76.8687 0
76.9757 -75.1949 0
84.0471 -69.5112 0
68.0457 -68.5482 0
100.751 -61.177 0
122.222 -63.0543 0
122.276 -62.9719 0
105.779 -53.7804 0
114.976 -46.7908 0
102.901 -30.6659 0
115.207 -46.5156 0
105.086 -29.1571 0
98.5887 -3.97469 0
99.4765 -4.77126 0
102.79 -0.218018 0
102.327 4.07217 0
103.288 4.80392 0
103.035 5.50468 0
113.863 -8.40875 0
125.247 -46.9433 0
126.672 -46.8895 0
127.462 -45.6785 0
127.696 -28.1174 0
128.745 -53.1581 0
129.402 -28.9992 0
133.427 -32.1657 0
138.051 -12.8578 0
139.729 -12.9586 0
140.644 -12.7099 0
150.058 -18.1137 0
155.496 -16.6863 0
156.146 -17.299 0
149.857 -30.6637 0
141.358 -48.103 0
132.995 -59.2679 0
151.682 -37.368 0
135.057 -63.3648 0
141.523 -62.062 0
142.421 -62.5393 0
143.108 -62.6487 0
142.8 -63.1634 0
143.097 -63.3562 0
143.529 -64.0207 0
155.992 -67.4058 0
155.737 -68.247 0
169.382 -72.4083 0
169.237 -73.0424 0
173.181 -92.5236 0
178.589 -99.164 0
178.187 -100.119 0
165.787 -92.2603 0
165.518 -93.8705 0
165.093 -94.4646 0
165.543 -98.8226 0
168.815 -102.97 0
164.481 -99.9641 0
162.253 -101.004 0
156.441 -100.992 0
154.402 -103.01 0
