148.79 -89.8035 0
149.384 -90.6239 0
148.495 -90.1641 0
150.821 -93.4826 0
148.059 -90.3238 0
150.546 -94.937 0
155.888 -103.087 0
150.07 -95.1764 0
155.284 -103.409 0
149.638 -95.4841 0
154.675 -103.721 0
167.284 -124.34 0
149.232 -95.8366 0
154.109 -104.1 0
166.332 -124.811 0
149.157 -96.7789 0
165.905 -126.198 0
149.587 -102.596 0
149.075 -102.978 0
142.222 -89.3073 0
148.444 -103.108 0
148.787 -103.868 0
141.761 -89.221 0
148.027 -103.719 0
141.465 -89.5113 0
147.549 -104.216 0
141.119 -89.687 0
146.829 -104.124 0
140.906 -90.2198 0
146.264 -104.41 0
145.612 -104.463 0
145.794 -104.968 0
139.338 -88.0673 0
144.953 -104.477 0
144.637 -105.528 0
137.109 -86.4808 0
134.767 -82.3399 0
134.486 -82.148 0
134.157 -81.5676 0
134.211 -82.3138 0
133.912 -81.6334 0
133.664 -81.5154 0
133.45 -81.7197 0
133.23 -81.9208 0
132.997 -81.9997 0
132.737 -81.5391 0
132.502 -81.4018 0
132.28 -81.8567 0
132.045 -81.414 0
131.818 -81.3254 0
131.736 -86.5397 0
131.427 -86.5349 0
130.838 -105.24 0
131.373 -81.1375 0
131.105 -86.823 0
130.23 -105.368 0
131.138 -81.3061 0
130.829 -86.2134 0
129.616 -105.515 0
129.015 -105.416 0
129.445 -94.4183 0
128.409 -105.396 0
130.273 -82.9429 0
127.806 -105.336 0
130.003 -83.0634 0
128.668 -93.648 0
129.715 -83.2677 0
128.279 -93.3876 0
126.565 -105.455 0
129.459 -83.2314 0
127.678 -94.505 0
125.952 -105.425 0
125.308 -105.562 0
124.692 -105.513 0
124.058 -105.541 0
129.074 -80.1956 0
123.499 -105.21 0
128.628 -80.2157 0
127.926 -82.9583 0
128.78 -78.8401 0
127.636 -83.0376 0
128.705 -79.0678 0
127.587 -83.1491 0
128.618 -78.7036 0
127.275 -83.3406 0
128.363 -78.8784 0
127.07 -83.095 0
128.185 -78.7929 0
126.909 -82.7335 0
128.009 -78.7047 0
126.594 -82.8505 0
127.884 -78.4736 0
126.576 -82.1199 0
127.682 -78.4646 0
126.548 -81.4765 0
127.458 -78.5076 0
126.211 -81.6677 0
125.916 -82.4161 0
127.299 -78.3811 0
125.685 -82.2925 0
112.711 -113.722 0
127.202 -78.1155 0
125.385 -82.3296 0
112.003 -113.36 0
127.088 -77.9042 0
125.242 -82.0077 0
124.851 -82.8774 0
111.217 -113.179 0
127.031 -77.5841 0
125.044 -81.8201 0
124.677 -82.6026 0
110.369 -113.118 0
109.926 -114.063 0
126.864 -77.5059 0
109.217 -113.659 0
126.779 -77.2657 0
123.852 -83.0318 0
108.447 -113.377 0
126.534 -77.3417 0
123.67 -82.7713 0
107.722 -113.003 0
126.5 -77.0204 0
123.566 -82.3785 0
123.079 -83.2671 0
116.637 -95.0286 0
107.19 -112.279 0
106.903 -112.802 0
122.824 -83.1263 0
116.582 -94.1119 0
106.1 -112.559 0
122.586 -82.9558 0
115.84 -94.4072 0
110.168 -104.036 0
122.321 -82.8326 0
115.505 -93.999 0
109.574 -103.716 0
121.914 -82.9318 0
114.94 -93.965 0
109.033 -103.31 0
121.697 -82.7228 0
114.388 -93.8948 0
108.368 -103.097 0
96.3442 -121.476 0
121.434 -82.5849 0
113.901 -93.7152 0
108.439 -101.785 0
95.5781 -120.788 0
121.207 -82.3938 0
113.569 -93.3071 0
107.862 -101.462 0
94.6539 -120.334 0
121.036 -82.127 0
107.342 -101.056 0
93.8574 -119.695 0
91.9833 -120.5 0
90.33 -120.929 0
89.4713 -120.294 0
87.7699 -120.681 0
86.9147 -120.005 0
84.9496 -120.592 0
84.0756 -119.894 0
82.1539 -120.313 0
96.0726 -104.231 0
102.66 -96.4607 0
96.0399 -103.115 0
95.3253 -103.834 0
118.425 -80.1944 0
102.288 -95.9149 0
118.154 -80.0419 0
101.903 -95.3851 0
118.061 -79.7231 0
101.528 -94.8503 0
101.206 -94.2712 0
117.872 -79.1061 0
100.715 -93.8442 0
117.867 -78.731 0
100.298 -93.3513 0
99.7262 -92.9827 0
117.717 -78.1179 0
117.877 -77.6414 0
117.76 -77.3838 0
117.745 -77.0563 0
88.8693 -97.4872 0
117.712 -76.7477 0
88.6922 -96.6063 0
117.511 -76.5556 0
88.1095 -96.0069 0
116.886 -76.6324 0
102.424 -85.878 0
86.8572 -95.8297 0
79.4002 -100.597 0
102.157 -85.3968 0
86.4619 -95.0881 0
78.8298 -99.8006 0
101.924 -84.8967 0
86.6421 -94.0054 0
86.0533 -94.3563 0
78.374 -98.9336 0
101.777 -84.3492 0
86.2506 -93.277 0
77.9323 -98.0603 0
101.483 -83.8884 0
78.1827 -96.8057 0
77.479 -97.1959 0
101.196 -83.4224 0
77.749 -95.9453 0
100.996 -82.9106 0
77.5676 -94.956 0
77.473 -92.8795 0
77.6712 -91.7502 0
77.5364 -90.7888 0
77.1709 -89.9329 0
78.1144 -88.6197 0
77.0956 -88.9605 0
77.1764 -87.9381 0
83.183 -84.7695 0
76.9397 -87.0461 0
83.0801 -83.9439 0
76.6331 -86.1812 0
82.7647 -83.1941 0
76.9627 -85.1062 0
82.5462 -82.4118 0
76.7434 -84.2241 0
82.2829 -81.6435 0
76.8812 -83.2381 0
94.0608 -77.5234 0
82.0603 -80.8627 0
76.663 -82.3646 0
93.8147 -76.9498 0
81.9076 -80.0631 0
76.4874 -81.4803 0
93.6203 -75.7713 0
76.2804 -79.7502 0
93.4302 -75.181 0
76.2049 -78.8507 0
93.4538 -74.5466 0
76.027 -77.9749 0
93.3412 -73.9413 0
88.1798 -74.873 0
93.2675 -73.3295 0
88.004 -74.1948 0
93.3804 -72.6908 0
86.5122 -73.7098 0
76.0772 -75.258 0
93.4152 -72.0689 0
86.4137 -72.9959 0
75.808 -74.4001 0
93.3415 -71.4632 0
86.3559 -72.2771 0
75.8776 -73.4978 0
93.2774 -70.8565 0
86.2503 -71.5638 0
75.9321 -72.6025 0
93.1634 -70.2538 0
86.1855 -70.846 0
85.0572 -70.9418 0
75.7632 -71.7306 0
84.8239 -70.2176 0
75.6674 -70.8506 0
75.6151 -69.9671 0
66.5986 -70.4488 0
75.5768 -69.0829 0
72.3607 -69.2043 0
66.6729 -69.4189 0
72.4241 -68.2673 0
66.6145 -68.3954 0
81.5612 -67.2746 0
75.6609 -67.3124 0
72.4426 -67.333 0
66.6317 -67.3702 0
60.6122 -67.4087 0
72.4757 -66.3997 0
63.8043 -66.3194 0
60.6159 -66.2899 0
57.6956 -66.2629 0
81.4906 -65.6907 0
63.8545 -65.2514 0
60.6966 -65.1727 0
57.7771 -65.1 0
81.4889 -64.8976 0
63.9809 -64.1872 0
60.8545 -64.0603 0
57.8174 -63.937 0
81.4996 -64.1041 0
57.9353 -62.7781 0
81.5823 -63.3147 0
58.0417 -61.62 0
82.0336 -62.5583 0
82.0811 -61.7721 0
82.3778 -61.0145 0
94.4703 -58.8189 0
94.6339 -58.2374 0
95.7607 -57.8966 0
95.9384 -57.3363 0
96.8417 -56.9818 0
96.7764 -56.3624 0
97.5744 -56.0083 0
97.8375 -55.4971 0
98.3613 -55.0804 0
99.339 -54.2551 0
99.9781 -53.3277 0
100.662 -53.0309 0
101.157 -52.6646 0
101.388 -52.1813 0
101.626 -51.7017 0
101.66 -51.116 0
101.863 -50.6124 0
102.256 -50.2131 0
102.602 -49.7921 0
103.107 -49.4698 0
103.338 -48.9858 0
103.826 -48.666 0
103.772 -47.9932 0
103.659 -47.2634 0
104.096 -46.9062 0
104.441 -46.4869 0
104.626 -45.9471 0
105.032 -45.5738 0
105.027 -44.8697 0
104.946 -44.0836 0
105.221 -43.5821 0
115.926 -52.3969 0
105.35 -42.9446 0
119.731 -55.4373 0
115.81 -51.821 0
105.58 -42.3861 0
120.003 -55.326 0
116.052 -51.5665 0
105.453 -41.4796 0
120.339 -55.2829 0
115.619 -50.6478 0
105.562 -40.772 0
120.548 -55.1201 0
105.769 -40.1464 0
120.616 -54.8102 0
121.054 -54.8927 0
120.609 -54.4119 0
105.678 -38.3054 0
121.089 -54.5425 0
106.034 -37.783 0
121.094 -54.1455 0
105.95 -36.7478 0
106.277 -36.1584 0
100.161 -23.657 0
101.439 -22.5282 0
102.16 -22.0767 0
97.5271 -15.1728 0
102.87 -21.6118 0
98.2654 -14.5112 0
99.1583 -14.0872 0
99.9946 -13.5762 0
119.474 -39.3655 0
120.18 -39.7678 0
120.647 -39.6646 0
121.887 -40.2588 0
124.312 -45.4602 0
122.259 -39.9604 0
124.695 -45.451 0
122.858 -40.2848 0
125.085 -45.4766 0
122.995 -39.2942 0
125.409 -45.3104 0
123.389 -39.0109 0
125.841 -45.4912 0
123.928 -39.1893 0
126.298 -45.7945 0
124.377 -39.091 0
126.651 -45.7614 0
126.967 -45.5896 0
127.211 -45.1034 0
121.289 -20.0465 0
116.868 -1.34081 0
127.56 -45.0271 0
126.094 -38.3621 0
122.031 -19.8805 0
117.967 -1.39898 0
127.855 -44.6933 0
126.607 -38.561 0
122.935 -20.5146 0
119.024 -1.30005 0
129.746 -52.8285 0
128.067 -43.8655 0
127.113 -38.7689 0
123.816 -21.1651 0
129.983 -52.8495 0
128.621 -44.8894 0
127.581 -38.8092 0
124.6 -21.3909 0
130.233 -52.9627 0
128.89 -44.3049 0
127.964 -38.327 0
125.329 -21.3354 0
130.458 -52.9325 0
126.037 -21.1438 0
130.756 -53.4974 0
131.042 -54.1271 0
130.963 -53.3864 0
131.279 -54.4358 0
131.187 -53.4268 0
131.477 -54.3623 0
131.683 -54.4108 0
131.886 -54.403 0
132.086 -54.3089 0
132.296 -54.784 0
132.494 -54.1599 0
132.7 -54.1944 0
132.905 -54.2321 0
133.109 -54.273 0
133.329 -54.0494 0
133.535 -54.0968 0
133.785 -53.6728 0
133.979 -53.8752 0
134.202 -53.8144 0
137.358 -29.2826 0
137.945 -29.4253 0
141.306 -6.18461 0
136.979 -39.2276 0
138.524 -29.6063 0
142.154 -7.0096 0
135.209 -51.8052 0
137.398 -39.4215 0
139.083 -29.8843 0
143.02 -7.6112 0
135.475 -51.7353 0
137.79 -39.7385 0
139.613 -30.2874 0
143.801 -8.57609 0
135.701 -51.8741 0
137.99 -40.9359 0
138.197 -39.9442 0
140.193 -30.4061 0
144.659 -9.05472 0
135.944 -51.929 0
138.626 -40.0396 0
136.08 -52.422 0
136.269 -52.6557 0
136.467 -52.8341 0
136.753 -52.7005 0
137.062 -52.5153 0
137.128 -53.101 0
137.958 -52.1931 0
138.206 -52.2551 0
141.865 -42.6153 0
138.564 -52.0441 0
142.285 -42.6844 0
138.712 -52.3635 0
142.648 -42.898 0
138.947 -52.465 0
143.031 -43.0623 0
139.205 -52.5158 0
147.161 -34.9535 0
139.462 -52.5711 0
147.706 -35.1085 0
139.497 -53.0854 0
139.957 -52.1493 0
148.196 -35.3795 0
139.992 -52.6682 0
139.747 -53.6845 0
139.961 -53.8018 0
149.755 -36.028 0
140.188 -53.8966 0
150.171 -36.4335 0
140.338 -54.1233 0
150.684 -36.6647 0
151.148 -36.9807 0
144.051 -54.7068 0
143.963 -55.195 0
144.133 -55.399 0
148.573 -53.239 0
148.772 -53.5132 0
161.006 -43.0593 0
148.92 -53.8281 0
156.288 -47.7284 0
149.155 -54.0695 0
156.572 -48.1232 0
162.035 -43.7427 0
149.528 -54.2053 0
156.848 -48.5221 0
162.145 -44.4104 0
177.375 -32.587 0
183.471 -27.854 0
149.209 -54.8687 0
162.764 -44.6816 0
177.892 -33.313 0
149.55 -55.0279 0
150.321 -54.467 0
155.792 -50.4881 0
163.19 -45.1069 0
178.228 -34.1692 0
183.193 -30.5584 0
150.011 -55.109 0
156.104 -50.8217 0
162.83 -46.0886 0
175.138 -37.4284 0
183.083 -31.8379 0
156.313 -51.228 0
163.112 -46.6008 0
175.653 -38.0672 0
157.187 -51.1945 0
176.133 -38.7311 0
157.263 -51.696 0
176.1 -39.7226 0
184.299 -34.5112 0
157.33 -52.1959 0
176.809 -40.2381 0
157.593 -52.5723 0
176.898 -41.1336 0
157.979 -52.8793 0
177.227 -41.8773 0
157.787 -53.511 0
158.056 -53.8816 0
158.31 -54.7691 0
182.227 -46.7798 0
182.712 -47.4955 0
183.287 -49.0887 0
183.399 -49.0482 0
184.584 -49.5376 0
168.113 -57.6539 0
168.379 -58.1833 0
169.533 -57.8847 0
169.854 -58.424 0
181.671 -55.5637 0
170.196 -58.9644 0
181.475 -56.4206 0
181.439 -57.2317 0
172.612 -59.7318 0
174.133 -60.7841 0
174.057 -61.4625 0
174.562 -62.0608 0
184.014 -72.2425 0
184.38 -73.0963 0
185.234 -74.0251 0
184.95 -74.8246 0
185.983 -83.7605 0
184.249 -84.12 0
172.415 -81.0007 0
184.042 -84.9465 0
172.089 -81.5831 0
172.146 -82.3049 0
172.245 -83.0536 0
171.889 -83.6277 0
172.55 -83.8995 0
172.346 -84.547 0
172.349 -85.2896 0
187.824 -92.2209 0
171.879 -85.822 0
172.581 -86.1498 0
187.217 -92.9821 0
187.352 -93.0451 0
172.073 -86.6698 0
179.926 -90.4866 0
172.436 -87.622 0
177.648 -90.2572 0
172.356 -88.3684 0
177.237 -90.9324 0
172.839 -89.4311 0
176.841 -91.6145 0
176.384 -92.2605 0
172.601 -90.9524 0
175.942 -92.9131 0
172.359 -91.6535 0
175.542 -93.5889 0
171.879 -92.2098 0
171.39 -92.7569 0
165.088 -89.3792 0
170.919 -93.3113 0
164.77 -89.9025 0
164.418 -90.4035 0
163.987 -90.8456 0
163.055 -90.8981 0
162.501 -91.2237 0
161.277 -90.9895 0
162.015 -91.5945 0
160.432 -91.0311 0
160.203 -91.5313 0
187.485 -115.335 0
159.522 -91.0428 0
186.75 -114.908 0
158.954 -91.2815 0
184.834 -114.69 0
158.103 -91.2437 0
183.7 -115.136 0
157.539 -91.454 0
156.953 -91.6313 0
183.037 -117.553 0
156.784 -92.2228 0
156.418 -92.6198 0
180.081 -117.656 0
156.087 -93.0554 0
179.194 -118.283 0
155.569 -93.286 0
178.436 -119.05 0
178.733 -119.384 0
154.758 -93.1676 0
155.224 -93.7099 0
177.045 -119.083 0
154.319 -93.4653 0
175.702 -119.131 0
153.839 -93.709 0
