104.313 -2.58308 0
126.541 -45.0892 0
101.769 -22.0326 0
122.202 -38.1278 0
126.24 -77.0029 0
125.985 -83.007 0
100.934 -94.7795 0
115.924 -94.3914 0
114.774 -94.4934 0
129.489 -24.5638 0
132.653 -52.4237 0
130.484 -93.705 0
124.785 -21.6907 0
125.093 -21.8772 0
128.326 -94.3437 0
124.634 -83.8752 0
100.404 -23.9869 0
122.441 -20.1024 0
123.042 -20.7652 0
126.038 -22.7294 0
128.513 -23.946 0
131.076 -25.2708 0
132.495 -26.6011 0
109.311 -102.449 0
105.998 -38.0374 0
105.887 -36.9742 0
105.982 -35.7194 0
121.437 -19.3023 0
130.058 -24.8234 0
137.242 -29.4603 0
116.186 -94.5749 0
87.8283 -95.5233 0
105.994 -37.2074 0
134.822 -27.5309 0
135.09 -27.8744 0
136.532 -28.5491 0
96.4935 -103.193 0
93.9048 -73.4015 0
92.5136 -71.2102 0
105.942 -40.4102 0
102.21 -21.6309 0
138.355 -29.8871 0
157.101 -91.4156 0
156.053 -91.9621 0
149.814 -95.1408 0
133.924 -104.619 0
132.724 -104.743 0
131.541 -104.904 0
126.77 -105.152 0
125.577 -105.13 0
124.393 -105.117 0
123.208 -105.055 0
122.076 -105.359 0
105.761 -41.822 0
105.968 -39.6245 0
132.109 -25.8205 0
133.304 -26.4345 0
140.23 -30.8412 0
141.299 -31.6428 0
163.517 -90.0304 0
134.744 -104.539 0
121.956 -105.309 0
105.399 -42.9366 0
108.44 -33.9217 0
144.364 -33.4327 0
164.437 -90.2036 0
152.242 -93.0063 0
136.813 -104.148 0
108.131 -102.047 0
107.079 -102.036 0
101.839 -78.5408 0
104.473 -45.7241 0
104.874 -43.917 0
137.072 -28.6279 0
145.781 -33.8313 0
120.712 -112.091 0
119.539 -112.177 0
118.364 -112.214 0
117.189 -112.233 0
116.016 -112.412 0
114.839 -112.484 0
113.66 -112.567 0
111.296 -112.617 0
110.106 -112.734 0
108.816 -112.943 0
104.899 -44.7377 0
99.7566 -23.7627 0
144.715 -9.47185 0
143.09 -32.918 0
121.677 -82.2283 0
115.35 -112.329 0
93.3438 -72.8454 0
103.241 -48.8337 0
103.321 -47.8883 0
120.739 -29.7146 0
171.907 -92.0265 0
170.161 -93.6456 0
147.991 -104.337 0
128.543 -78.5556 0
127.8 -83.0087 0
127.281 -105.108 0
112.687 -112.634 0
95.7699 -103.203 0
86.3873 -94.9145 0
101.703 -51.3484 0
101.743 -50.9846 0
102.302 -49.9848 0
102.735 -48.8466 0
103.828 -46.9915 0
172.288 -81.7526 0
156.494 -92.1702 0
96.7368 -56.9843 0
112.025 -39.9483 0
92.3745 1.58621 0
93.0529 2.02519 0
94.2043 3.32467 0
123.493 -38.5944 0
126.525 -44.9843 0
176.71 -91.6033 0
148.479 -103.966 0
101.637 -95.2922 0
103.915 -82.2084 0
75.9186 -72.458 0
75.6153 -71.7157 0
75.8935 -69.7218 0
119.196 -29.2265 0
121.145 -38.7644 0
126.626 -38.4666 0
179.285 -90.7223 0
122.673 -82.4626 0
76.3746 -76.8913 0
99.6692 -53.9878 0
103.1 -21.0531 0
102.858 -3.16764 0
119.416 -18.592 0
120.808 -38.0251 0
145.366 -9.80593 0
151.638 -8.98133 0
172.552 -80.8151 0
176.028 -92.3111 0
159.438 -90.7782 0
135.827 -79.5663 0
129.217 -94.1788 0
128.638 -105.211 0
117.459 -95.2959 0
93.8603 -74.9866 0
100.41 -52.6285 0
119.806 -38.0966 0
132.09 -53.091 0
177.49 -90.5448 0
158.852 -91.1212 0
131.069 -93.899 0
129.116 -105.041 0
120.337 -105.286 0
107.113 -113.288 0
93.701 -75.0657 0
75.9781 -73.3069 0
109.046 -33.1462 0
106.166 -0.63068 0
172.464 -83.7065 0
147.505 -103.886 0
146.931 -104.823 0
130.021 -94.2329 0
116.47 -77.919 0
103.007 -80.3546 0
78.0121 -98.2571 0
77.3717 -97.4795 0
77.8435 -95.6003 0
77.6689 -90.5768 0
77.026 -88.7189 0
97.0642 -55.6255 0
100.981 -51.6899 0
98.8575 -24.5428 0
90.0699 0.30957 0
120.248 -19.0926 0
131.37 -3.71036 0
132.911 -3.89957 0
141.554 -55.2057 0
172.746 -79.8942 0
172.001 -84.7167 0
164.449 -89.126 0
149.453 -102.528 0
136.028 -79.2175 0
127.965 -78.3252 0
127.739 -94.4342 0
77.3477 -94.975 0
77.2862 -92.4785 0
75.8721 -74.7246 0
75.689 -70.4814 0
82.1949 -63.907 0
82.176 -62.556 0
82.0667 -61.9083 0
106.003 -37.7775 0
103.051 -3.03709 0
105.603 -2.56256 0
106.398 -2.26299 0
117.372 -30.2724 0
127.969 -2.45953 0
128.699 -2.70964 0
125.866 -38.6314 0
150.152 -7.80265 0
150.841 -8.27739 0
154.486 -59.42 0
175.614 -92.9241 0
142.742 -81.4682 0
150.991 -93.481 0
137.803 -77.2276 0
109.507 -113.217 0
106.655 -112.873 0
102.71 -80.2 0
88.6152 -96.9261 0
102.628 -79.5031 0
101.561 -79.1483 0
94.2197 -76.1575 0
86.5531 -72.0949 0
84.6601 -71.4907 0
82.4014 -64.4811 0
96.2591 -57.2321 0
111.867 -40.0136 0
103.667 -20.6686 0
123.626 -21.1807 0
131.722 -52.0474 0
141.042 -54.3873 0
143.956 -55.9852 0
171.631 -83.5987 0
172.305 -85.0195 0
165.661 -86.5256 0
164.566 -87.6932 0
152.703 -92.8071 0
151.281 -93.2912 0
149.221 -103.429 0
118.251 -78.808 0
105.755 -112.658 0
102.749 -96.9778 0
89.8262 -120.173 0
88.1763 -120.749 0
87.1716 -120.163 0
79.6928 -114.661 0
78.9943 -111.881 0
88.8251 -97.3881 0
77.3923 -89.8167 0
76.8324 -86.9299 0
82.745 -82.2723 0
82.0625 -81.7706 0
81.826 -81.0035 0
86.9118 -73.5838 0
86.1205 -71.776 0
85.9965 -71.1195 0
82.0271 -65.9718 0
66.5383 -66.5578 0
120.009 -55.9077 0
119.93 -55.8158 0
98.5576 -14.1867 0
99.2583 -13.8207 0
118.286 -18.4782 0
125.4 -44.7551 0
127.668 -44.9534 0
134.628 -4.2426 0
130.809 -51.6644 0
140.028 -53.9503 0
139.64 -54.2619 0
140.632 -54.0582 0
144.213 -55.6882 0
172.077 -86.3632 0
175.477 -93.0447 0
154.51 -93.8341 0
143.506 -81.0896 0
148.899 -95.6642 0
141.247 -89.1637 0
140.199 -88.1742 0
137.902 -86.6681 0
136.78 -86.5581 0
129.418 -79.0253 0
130.834 -105.117 0
116.699 -95.1065 0
118.29 -79.0206 0
117.951 -77.1215 0
90.4218 -120.484 0
103.983 -83.0989 0
78.9895 -99.4038 0
76.8352 -87.0247 0
76.7828 -85.0034 0
76.3115 -84.2528 0
76.1704 -83.332 0
85.9112 -70.948 0
63.7339 -65.7716 0
104.159 -46.4975 0
106.113 -39.3751 0
99.3072 -24.1376 0
125.536 -45.0022 0
133.203 -3.52597 0
143.966 -9.1085 0
133.126 -53.0306 0
136.323 -52.5368 0
136.76 -53.0947 0
137.111 -53.7085 0
139.447 -53.3108 0
141.211 -53.8509 0
180.629 -88.6332 0
138.615 -77.1702 0
148.94 -96.7914 0
128.746 -79.1579 0
127.434 -93.87 0
123.542 -84.0173 0
110.055 -103.069 0
79.2018 -112.209 0
79.0022 -109.197 0
77.869 -91.8505 0
83.4718 -84.3906 0
76.2399 -82.4312 0
89.4299 -75.7811 0
76.0772 -81.5418 0
88.9641 -74.5677 0
61.7017 -81.8164 0
75.9025 -76.0703 0
61.3309 -80.7909 0
75.734 -75.2325 0
66.8451 -77.959 0
82.0557 -60.7557 0
99.9522 -52.6908 0
104.781 -42.7157 0
110.068 -32.4628 0
89.9163 -0.108593 0
119.888 -39.1926 0
116.952 -30.5859 0
120.6 -39.1208 0
117.638 -29.583 0
124.848 -45.3437 0
120.08 -18.7365 0
128.084 -44.9351 0
130.918 -52.5603 0
134.002 -53.5359 0
158.121 -52.5528 0
158.296 -53.0086 0
146.066 -56.4791 0
179.155 -49.7645 0
180.104 -50.4159 0
171.613 -82.2487 0
172.139 -87.9728 0
171.033 -93.2573 0
162.548 -91.2107 0
160.329 -91.0608 0
155.83 -93.04 0
138.845 -76.8428 0
148.551 -104.187 0
140.712 -89.2132 0
131.774 -87.145 0
129.867 -93.9275 0
127.657 -79.0591 0
127.222 -77.5074 0
119.117 -107.697 0
118.388 -107.513 0
117.649 -107.376 0
123.111 -82.9446 0
109.144 -112.783 0
105.133 -120.564 0
104.198 -120.188 0
103.304 -119.716 0
109.606 -103.281 0
102.408 -119.257 0
118.657 -82.2886 0
101.519 -118.785 0
118.451 -81.8614 0
100.548 -118.486 0
107.326 -101.346 0
106.735 -100.928 0
117.785 -78.7231 0
97.006 -104.602 0
85.2928 -120.771 0
84.3581 -120.084 0
83.4343 -119.382 0
95.353 -102.599 0
80.3838 -115.828 0
78.8867 -114.069 0
78.7205 -106.489 0
88.1935 -95.5677 0
103.073 -81.4447 0
78.7203 -101.044 0
76.8794 -93.8838 0
100.848 -77.9777 0
82.9814 -83.3637 0
77.0639 -84.3 0
63.0137 -87.0402 0
75.9762 -80.9079 0
88.8878 -75.2711 0
61.6664 -85.1707 0
61.6601 -83.9892 0
93.1495 -71.8556 0
58.636 -82.6006 0
67.1096 -78.9078 0
58.3616 -81.4817 0
92.9669 -70.6927 0
60.9768 -79.5633 0
85.118 -72.1354 0
66.662 -76.9431 0
63.8936 -77.6643 0
60.7791 -78.4756 0
60.541 -77.4004 0
84.5549 -70.8132 0
60.2618 -76.3353 0
73.8605 -68.7874 0
82.3136 -66.8086 0
60.8287 -67.4481 0
63.8532 -66.1236 0
60.7052 -66.3841 0
60.7768 -65.3057 0
60.6868 -64.2401 0
82.0858 -59.475 0
82.4228 -58.0251 0
94.867 -58.2169 0
95.0032 -57.692 0
99.5226 -54.3175 0
104.001 -47.2136 0
120.37 -54.9391 0
105.202 -44.2383 0
97.8334 -25.8102 0
97.4426 -14.8785 0
98.9562 -13.9849 0
91.9417 1.04997 0
101.176 -12.5694 0
107.516 -1.98574 0
109.363 -1.28081 0
116.222 -17.2436 0
117.002 -17.3618 0
123.225 -37.9377 0
122.393 -19.652 0
127.02 -38.3642 0
125.927 -22.127 0
127.195 -22.728 0
126.945 -2.54468 0
129.021 -23.8083 0
130.604 -3.67997 0
131.322 -24.7623 0
139.234 -29.9174 0
141.045 -30.9642 0
152.375 -8.85716 0
144.126 -32.7767 0
135.789 -50.3247 0
136.133 -50.5326 0
146.164 -34.2766 0
136.805 -51.3145 0
137.07 -52.7946 0
139.191 -52.8614 0
182.369 -47.0179 0
158.453 -54.5043 0
182.77 -48.6885 0
155.311 -60.2241 0
186.374 -83.992 0
185.385 -84.6152 0
184.829 -85.4028 0
165.151 -87.292 0
169 -93.0195 0
163.203 -91.0421 0
185.08 -110.388 0
184.378 -111.31 0
183.574 -112.14 0
155.898 -92.9844 0
153.848 -93.4432 0
143.963 -80.9307 0
149.182 -96.6486 0
136.912 -78.4789 0
136.89 -87.0405 0
130.668 -104.977 0
126.838 -84.1681 0
118.363 -118.319 0
117.495 -118.075 0
116.555 -117.86 0
126.128 -76.9772 0
115.704 -117.558 0
125.901 -76.8886 0
114.835 -117.331 0
114.231 -113.188 0
108.848 -113.068 0
106.843 -113.309 0
114.374 -93.9045 0
99.654 -119.382 0
98.172 -119.973 0
97.195 -119.599 0
96.2826 -119.106 0
115.323 -82.9227 0
114.765 -82.3369 0
123.665 -70.1628 0
123.632 -69.9478 0
96.3473 -104.028 0
94.4335 -102.384 0
80.8186 -116.114 0
99.6306 -94.3852 0
78.6977 -108.782 0
89.1847 -98.07 0
79.0227 -107.047 0
102.686 -85.3947 0
102.324 -84.9652 0
77.9845 -105.146 0
78.1069 -103.693 0
101.716 -84.0163 0
79.211 -100.258 0
102.913 -81.1244 0
78.1453 -96.2085 0
77.2247 -96.8152 0
77.7039 -93.0844 0
101.57 -77.735 0
95.037 -77.9175 0
94.4938 -77.4993 0
93.9753 -76.4026 0
76.2168 -80.6033 0
76.0479 -79.7221 0
67.1835 -79.4091 0
64.4262 -80.1714 0
69.9211 -77.6447 0
66.9214 -78.4237 0
64.1525 -79.1427 0
63.9528 -78.0957 0
69.5535 -75.7364 0
92.7083 -69.8794 0
69.3779 -74.7822 0
82.7096 -69.6827 0
82.4167 -68.2629 0
82.2684 -67.5235 0
66.7552 -69.3055 0
66.5924 -68.3199 0
66.5045 -67.3261 0
123.096 -62.2864 0
89.2951 -63.5079 0
75.0898 -64.0213 0
89.1607 -62.8722 0
75.2172 -63.1577 0
75.2092 -62.2993 0
88.1624 -60.9246 0
81.9652 -60.0066 0
93.8471 -58.7977 0
82.1524 -57.7534 0
118.534 -60.8191 0
82.4347 -56.2698 0
82.2683 -55.4883 0
82.6797 -54.0246 0
82.9315 -53.3052 0
83.1942 -52.5916 0
83.2348 -51.8332 0
100.108 -53.5402 0
102.122 -50.1499 0
106.04 -41.1158 0
111.477 -39.7692 0
90.0041 -0.00167084 0
104.06 -3.2527 0
117.215 -31.3282 0
121.305 -37.7248 0
118.22 -29.4928 0
107.229 -0.164886 0
119.771 -28.9335 0
121.875 -20.0405 0
128.78 -24.1825 0
136.023 -27.8225 0
136.919 -29.0108 0
139.769 -41.2171 0
144.207 -53.6047 0
144.765 -54.1473 0
145.001 -54.3106 0
146.027 -55.5624 0
179.897 -50.4007 0
181.31 -51.7217 0
154.412 -58.6921 0
155.142 -59.7448 0
173.933 -62.9415 0
173.778 -63.615 0
174.833 -64.3296 0
172.096 -82.3465 0
180.393 -89.1436 0
179.894 -89.9429 0
177.844 -89.7037 0
172.684 -91.2988 0
171.992 -91.7788 0
165.026 -89.3375 0
162.598 -90.7941 0
160.391 -90.5278 0
158.801 -90.7217 0
157.042 -90.9951 0
156.125 -90.8699 0
149.525 -93.4979 0
150.036 -102.256 0
148.838 -102.918 0
146.315 -103.963 0
145.648 -104.272 0
136.843 -80.0781 0
144.426 -104.941 0
144.462 -105.055 0
138.133 -104.66 0
135.504 -104.821 0
132.676 -83.7505 0
133.548 -105.019 0
129.63 -104.778 0
128.314 -104.953 0
128.129 -93.7594 0
125.675 -104.969 0
120.56 -113.196 0
119.774 -113.055 0
125.742 -84.0889 0
119.418 -105.44 0
115.462 -113.471 0
123.696 -83.836 0
110.273 -113.106 0
117.346 -94.9032 0
107.664 -112.693 0
100.838 -119.995 0
99.0322 -118.958 0
95.5773 -120.711 0
106.567 -101.677 0
94.7323 -120.072 0
93.8161 -119.545 0
92.9075 -119.003 0
92.076 -118.35 0
118.312 -80.9116 0
125.038 -71.5045 0
124.921 -71.4156 0
95.9203 -104.23 0
124.448 -70.7449 0
81.7434 -117.139 0
101.472 -94.7092 0
79.1134 -111.792 0
78.1313 -105.481 0
87.9773 -96.5905 0
77.8945 -103.017 0
102.05 -78.7359 0
76.7364 -88.8341 0
101.428 -76.759 0
77.2173 -87.5884 0
82.873 -84.1568 0
82.1831 -80.9097 0
88.8634 -76.3231 0
75.4719 -68.5617 0
75.4309 -67.6848 0
63.8722 -68.565 0
57.6973 -65.5677 0
57.7654 -64.4136 0
57.7323 -63.2618 0
57.8664 -62.1119 0
94.9674 -57.6462 0
98.1182 -54.8839 0
119.301 -56.0091 0
103.853 -44.7519 0
112.203 -40.189 0
96.5269 -15.4967 0
91.8591 0.963692 0
116.961 -31.2277 0
107.023 -2.05253 0
108.069 -1.87106 0
118.243 -17.9706 0
119.02 -17.9688 0
115.367 3.18137 0
115.112 4.22327 0
116.188 4.44348 0
130.74 -53.029 0
133.591 -27.4226 0
134.676 -28.2449 0
135.534 -28.1485 0
133.179 -52.7155 0
142.246 -7.16493 0
134.128 -52.5196 0
143.036 -7.83469 0
139.171 -30.0131 0
143.903 -8.07813 0
137.471 -41.3701 0
138.381 -40.8461 0
147.657 -7.97923 0
148.456 -8.49347 0
135.689 -51.8643 0
149.28 -8.90521 0
138.764 -52.5339 0
144.682 -56.0713 0
177.052 -39.5503 0
177.275 -40.3445 0
177.563 -41.0992 0
182.007 -46.3146 0
160.974 -55.8054 0
161.045 -56.2777 0
155.017 -58.6744 0
180.945 -52.5514 0
181.472 -53.2444 0
180.869 -54.122 0
172.474 -88.0532 0
159.927 -91.0489 0
