144.524 -89.6887 0
152.22 -101.887 0
144.112 -89.9506 0
151.74 -102.472 0
143.681 -90.1804 0
150.931 -102.511 0
143.262 -90.4289 0
150.303 -102.845 0
150.744 -103.623 0
142.81 -90.6186 0
143.025 -91.0108 0
149.492 -104.354 0
148.823 -104.639 0
148.543 -105.716 0
148.578 -111.388 0
148.008 -112.151 0
147.136 -112.187 0
146.53 -112.905 0
145.575 -112.69 0
135.064 -89.6151 0
134.56 -89.3528 0
134.17 -89.516 0
133.789 -89.7314 0
133.091 -88.4233 0
133.248 -89.1822 0
132.785 -88.9447 0
132.383 -88.9926 0
131.972 -88.9752 0
131.591 -89.1577 0
131.187 -89.1866 0
134.149 -112.812 0
130.41 -85.8024 0
133.365 -112.789 0
130.082 -86.0504 0
130.138 -86.6438 0
132.584 -112.753 0
129.761 -86.4717 0
131.811 -112.765 0
129.384 -86.1745 0
129.668 -90.7548 0
131.047 -112.913 0
129.014 -85.8413 0
128.661 -85.6808 0
128.822 -90.8934 0
129.494 -112.697 0
128.301 -84.7102 0
128.385 -90.1928 0
128.728 -112.779 0
127.972 -84.7472 0
127.969 -89.992 0
127.959 -112.819 0
127.641 -84.7789 0
127.575 -88.9206 0
127.19 -112.787 0
127.31 -84.8054 0
127.181 -88.8562 0
126.422 -112.744 0
126.979 -84.7969 0
126.745 -89.7381 0
125.656 -112.688 0
126.662 -84.575 0
124.885 -112.71 0
125.941 -89.5471 0
124.097 -112.927 0
125.557 -89.3088 0
123.333 -112.805 0
125.097 -89.8053 0
122.558 -112.79 0
121.787 -112.733 0
124.206 -90.2419 0
120.999 -112.782 0
119.996 -119.833 0
123.777 -90.2722 0
120.213 -112.789 0
119.123 -119.676 0
123.275 -90.7064 0
119.456 -112.607 0
118.249 -119.535 0
118.676 -112.559 0
118.263 -114.726 0
117.376 -119.38 0
122.601 -89.737 0
117.484 -114.484 0
116.482 -119.328 0
122.221 -89.5374 0
115.561 -119.378 0
121.831 -89.3901 0
115.907 -114.11 0
114.657 -119.326 0
121.453 -89.2081 0
118.028 -102.574 0
113.737 -119.317 0
117.468 -102.245 0
112.806 -119.321 0
117.033 -101.507 0
111.88 -119.281 0
116.425 -101.392 0
110.943 -119.254 0
115.755 -101.465 0
110.021 -119.154 0
115.243 -101.047 0
109.07 -119.124 0
114.661 -100.847 0
107.893 -119.694 0
114.146 -100.47 0
109.08 -113.911 0
107.052 -119.293 0
113.606 -100.17 0
108.276 -113.668 0
106.076 -119.239 0
112.958 -100.137 0
109.431 -108.675 0
107.327 -113.77 0
105.04 -119.307 0
108.66 -108.547 0
104.162 -118.972 0
118.85 -84.0583 0
107.913 -108.351 0
118.559 -83.8623 0
107.294 -107.873 0
98.9403 -125.679 0
118.233 -83.7426 0
106.672 -107.414 0
97.426 -126.345 0
117.868 -83.6971 0
96.5048 -125.756 0
117.474 -83.6978 0
95.4833 -125.365 0
117.25 -83.3774 0
93.8938 -126.002 0
92.9098 -125.49 0
91.9185 -124.988 0
90.3133 -125.487 0
103.209 -102.98 0
89.2891 -124.994 0
88.8113 -125.749 0
103.073 -101.868 0
102.6 -102.591 0
87.8795 -125.082 0
102.531 -101.402 0
86.8757 -124.523 0
102.083 -100.807 0
85.9138 -123.9 0
101.14 -100.907 0
95.6193 -108.535 0
84.315 -124.154 0
100.724 -100.27 0
94.6025 -108.456 0
83.3229 -123.538 0
100.048 -99.9835 0
93.9996 -107.813 0
99.9695 -98.9389 0
99.8394 -99.102 0
99.1396 -98.8439 0
78.8131 -119.855 0
78.0229 -118.992 0
78.4484 -116.835 0
102.493 -90.2745 0
77.7084 -115.97 0
102.23 -89.7268 0
102.062 -89.8958 0
87.7423 -100.664 0
86.882 -100.289 0
86.408 -99.5655 0
85.8551 -98.9125 0
78.3741 -103.841 0
77.9668 -102.897 0
78.4331 -101.303 0
77.9505 -100.454 0
77.531 -99.5651 0
78.5784 -96.5583 0
77.6587 -97.1665 0
78.049 -95.7988 0
77.7088 -94.921 0
77.3584 -94.0556 0
77.8237 -92.7265 0
76.8161 -93.3056 0
95.4955 -81.9011 0
77.484 -91.8815 0
95.2452 -81.3779 0
83.4942 -87.6509 0
77.29 -90.9628 0
94.8974 -80.9056 0
83.1026 -86.9666 0
76.5028 -90.3581 0
94.6633 -80.3738 0
82.9087 -86.1834 0
75.9093 -89.6428 0
94.411 -79.8516 0
82.513 -85.502 0
75.4872 -88.8386 0
94.8719 -79.004 0
82.209 -84.7766 0
94.9164 -78.3696 0
94.6681 -77.8629 0
94.4831 -77.3298 0
94.3066 -76.7942 0
60.6534 -89.6585 0
60.3444 -88.5717 0
57.4325 -89.6329 0
87.9545 -77.8056 0
82.3517 -79.7486 0
78.7478 -80.9984 0
59.9966 -87.5011 0
87.6023 -77.2249 0
82.1962 -79.0053 0
78.5166 -80.2172 0
59.6941 -86.4161 0
87.4862 -76.5654 0
86.206 -76.9649 0
81.9674 -78.2876 0
78.3547 -79.4151 0
85.8659 -76.3523 0
81.6929 -77.5832 0
78.2058 -78.6118 0
81.6302 -76.8177 0
77.8117 -77.8794 0
81.4072 -76.0988 0
77.0535 -77.2362 0
81.3402 -75.3406 0
76.8534 -76.4379 0
77.3923 -75.471 0
76.8693 -75.5902 0
76.9575 -74.7337 0
76.7383 -73.9455 0
84.1087 -69.6832 0
70.0441 -71.5252 0
84.1154 -68.9857 0
68.4249 -70.7913 0
84.1035 -68.2928 0
68.2978 -69.8613 0
84.0433 -67.6055 0
68.0367 -68.9413 0
84.0236 -66.9154 0
84.0148 -66.2254 0
98.612 -63.1661 0
98.6606 -62.7076 0
98.6569 -62.2468 0
99.0172 -61.8117 0
100.334 -61.4721 0
100.646 -61.0673 0
100.727 -60.6429 0
122.251 -63.1531 0
122.238 -63.0585 0
101.882 -59.948 0
122.374 -62.9882 0
102.01 -59.5493 0
122.481 -62.9163 0
102.643 -59.2457 0
122.501 -62.8298 0
102.869 -58.8784 0
103.101 -58.5169 0
103.687 -58.2428 0
103.552 -57.8045 0
103.77 -57.4528 0
104.251 -57.1796 0
104.393 -56.8166 0
104.711 -56.5106 0
104.976 -56.1936 0
104.936 -55.7738 0
105.35 -55.5166 0
105.49 -55.1622 0
105.828 -54.8886 0
105.055 -54.574 0
105.84 -54.4834 0
106.159 -54.2092 0
106.319 -53.8674 0
106.565 -53.567 0
106.443 -53.0846 0
106.805 -52.8437 0
106.935 -52.4837 0
107.07 -52.1248 0
107.237 -51.7823 0
107.232 -51.3341 0
107.564 -51.0881 0
107.723 -50.7359 0
107.814 -50.3357 0
107.889 -49.918 0
108.068 -49.5686 0
108.254 -49.2212 0
108.54 -48.9484 0
108.432 -48.3668 0
108.431 -47.8534 0
108.669 -47.528 0
108.912 -47.2059 0
108.673 -46.4495 0
108.671 -45.8839 0
101.236 -39.0011 0
109.006 -45.6227 0
101.378 -38.3361 0
109.493 -45.5138 0
109.005 -45.0326 0
101.873 -38.004 0
108.913 -44.3317 0
102.331 -37.6384 0
109.476 -44.292 0
109.348 -43.5206 0
109.22 -42.7181 0
109.288 -42.1091 0
109.275 -41.383 0
109.225 -40.5816 0
108.773 -40.0269 0
114.801 -46.889 0
109.213 -39.7965 0
115.113 -46.7294 0
115.445 -46.5992 0
103.963 -29.9377 0
111.869 -40.1599 0
104.545 -29.536 0
112.317 -40.0068 0
105.111 -29.1951 0
112.685 -39.7364 0
105.65 -28.8131 0
113.168 -39.6487 0
106.163 -28.3888 0
106.669 -27.9462 0
102.358 -20.7676 0
113.863 -39.0361 0
107.333 -27.7685 0
103.045 -20.3685 0
107.78 -27.2123 0
103.783 -20.0582 0
95.5703 -5.35984 0
104.467 -19.6552 0
96.6272 -5.09236 0
105.158 -19.2627 0
97.5611 -4.60525 0
105.882 -18.9341 0
98.4892 -4.10612 0
99.4256 -3.62134 0
100.071 -2.50132 0
101.021 -2.01377 0
101.33 -0.00358582 0
102.645 -0.336472 0
103.535 0.361885 0
108.303 -9.4385 0
109.168 -9.13337 0
122.487 -46.2188 0
110.066 -8.92661 0
122.666 -45.7903 0
111.074 -9.07533 0
123.173 -46.4194 0
112.004 -9.01339 0
123.514 -46.5433 0
112.827 -8.59401 0
123.956 -47.0767 0
123.773 -46.3853 0
113.72 -8.41725 0
124.252 -47.0986 0
124.566 -47.2126 0
124.862 -47.2738 0
125.139 -47.2523 0
125.485 -47.6162 0
125.682 -47.1636 0
125.968 -47.214 0
126.256 -47.2985 0
126.531 -47.2989 0
127.351 -52.6397 0
126.774 -47.0072 0
127.551 -52.7754 0
127 -46.4221 0
127.738 -52.7955 0
127.289 -46.464 0
127.908 -52.5209 0
127.578 -46.5402 0
128.093 -52.3977 0
127.808 -45.1917 0
127.142 -28.338 0
128.279 -52.1878 0
128.11 -45.0974 0
127.71 -28.3248 0
128.476 -52.6066 0
128.415 -45.0377 0
128.28 -28.529 0
128.665 -52.4622 0
128.843 -28.7421 0
129.023 -45.2303 0
129.399 -29.0235 0
129.037 -52.6887 0
129.947 -29.2836 0
129.398 -52.8965 0
129.589 -52.8262 0
129.732 -53.263 0
129.892 -53.4349 0
130.032 -53.727 0
130.247 -53.4607 0
133.444 -32.0936 0
130.461 -53.2573 0
133.919 -32.3839 0
130.671 -53.1165 0
134.397 -32.6223 0
130.868 -53.0062 0
134.788 -33.0947 0
131.075 -52.9311 0
135.3 -33.1125 0
131.232 -53.0919 0
135.694 -33.6615 0
131.391 -53.2257 0
136.1 -34.0991 0
136.556 -34.3111 0
137.046 -34.3864 0
137.52 -34.5267 0
138 -34.6459 0
138.376 -35.0839 0
138.633 -35.8357 0
139.115 -35.9165 0
146.883 -14.7059 0
139.575 -36.061 0
147.343 -15.837 0
139.967 -36.3786 0
148.073 -16.2236 0
140.363 -36.674 0
148.392 -17.5824 0
140.777 -36.9202 0
149.08 -18.0113 0
141.162 -37.2266 0
149.71 -18.5584 0
150.07 -17.7727 0
141.578 -37.4574 0
150.764 -18.1993 0
141.977 -37.7212 0
151.769 -17.9954 0
142.426 -37.8848 0
152.854 -17.6793 0
142.789 -38.2134 0
153.644 -17.9636 0
143.189 -38.4686 0
143.539 -38.8072 0
156.096 -17.049 0
143.885 -39.0819 0
148.74 -30.944 0
156.573 -17.8159 0
144.316 -39.2773 0
157.274 -18.314 0
144.698 -39.5552 0
158.062 -18.6719 0
145.058 -39.8635 0
159.554 -17.9748 0
145.429 -40.1523 0
160.536 -18.1 0
145.779 -40.4709 0
141.721 -46.8055 0
146.157 -40.7462 0
163.99 -16.3889 0
167.106 -12.133 0
142.037 -46.9689 0
146.568 -40.9798 0
164.726 -16.9762 0
168.339 -12.1992 0
142.26 -47.2551 0
146.975 -41.2204 0
165.324 -17.739 0
169.177 -12.8079 0
142.514 -47.4976 0
170.585 -12.711 0
133.17 -59.2598 0
142.841 -47.652 0
147.705 -41.8138 0
171.358 -13.424 0
133.315 -59.2673 0
133.381 -59.367 0
141.729 -49.9623 0
142.244 -49.3828 0
133.607 -59.2917 0
133.59 -59.4819 0
142.127 -50.4516 0
133.674 -59.5635 0
133.607 -59.7934 0
142.698 -50.762 0
133.659 -59.8903 0
142.858 -51.0127 0
133.78 -59.9322 0
133.834 -60.0365 0
133.147 -60.7902 0
133.21 -60.8645 0
133.203 -60.9965 0
133.24 -61.0901 0
133.346 -61.1292 0
133.38 -61.2242 0
133.389 -61.3368 0
133.419 -61.4315 0
133.522 -61.4762 0
133.65 -61.5069 0
133.501 -61.716 0
133.626 -61.7487 0
133.65 -61.8449 0
133.827 -61.8527 0
133.9 -61.9226 0
134.035 -62.1803 0
133.97 -62.3182 0
134.092 -62.3676 0
134.159 -62.4438 0
134.262 -62.6113 0
134.494 -62.6282 0
134.529 -62.7223 0
134.254 -62.9228 0
134.257 -63.0221 0
134.486 -63.0511 0
134.716 -63.0867 0
135.058 -63.3102 0
135.025 -63.4257 0
134.903 -63.5578 0
134.779 -63.6857 0
142.067 -62.2914 0
142.167 -62.4933 0
134.994 -63.8537 0
142.381 -62.679 0
134.835 -63.9802 0
142.711 -62.8538 0
143.543 -63.2129 0
143.777 -63.4281 0
143.949 -63.6549 0
146.157 -64.8607 0
147.17 -64.8596 0
159.418 -64.847 0
146.755 -65.1248 0
159.389 -65.2955 0
146.633 -65.406 0
159.322 -65.7764 0
156.132 -67.4156 0
156.033 -67.8404 0
171.321 -69.4905 0
155.869 -68.2552 0
169.746 -70.6288 0
169.773 -71.291 0
169.612 -71.9251 0
169.413 -72.5501 0
169.291 -73.1884 0
185.995 -84.2492 0
185.745 -85.1654 0
185.063 -86.9337 0
184.66 -87.7923 0
173.42 -91.0431 0
173.214 -91.8645 0
172.766 -92.5431 0
172.757 -93.5064 0
187.898 -103.349 0
172.631 -94.4096 0
187.294 -104.272 0
172.56 -95.3667 0
178.578 -99.5527 0
187.018 -105.423 0
172.446 -96.3112 0
178.252 -100.487 0
172.193 -97.1705 0
177.599 -101.188 0
177.077 -101.986 0
176.356 -102.628 0
175.765 -103.37 0
172.204 -101.601 0
175.048 -104.006 0
171.786 -102.415 0
174.526 -104.806 0
171.177 -103.066 0
170.536 -103.599 0
164.828 -99.3665 0
169.866 -104.187 0
164.417 -100.054 0
163.993 -100.736 0
162.818 -100.636 0
162.22 -101.122 0
160.861 -100.754 0
159.697 -100.554 0
158.912 -100.761 0
157.921 -100.697 0
157.197 -100.939 0
156.763 -101.546 0
156.28 -102.1 0
155.649 -102.454 0
154.997 -102.773 0
154.209 -102.882 0
