149.747 -86.1415 0
150.36 -86.9478 0
149.461 -86.5086 0
151.865 -89.7717 0
149.03 -86.678 0
151.625 -91.2312 0
157.157 -99.254 0
151.156 -91.4813 0
156.562 -99.5894 0
150.733 -91.7986 0
155.962 -99.915 0
169.052 -120.231 0
150.335 -92.16 0
155.406 -100.307 0
168.113 -120.723 0
150.284 -93.1033 0
167.721 -122.12 0
150.855 -98.9066 0
150.353 -99.2994 0
143.178 -85.7952 0
149.727 -99.4433 0
150.088 -100.196 0
142.716 -85.7195 0
149.325 -100.064 0
142.428 -86.0164 0
148.86 -100.571 0
142.086 -86.1998 0
148.139 -100.496 0
141.887 -86.737 0
147.581 -100.795 0
146.932 -100.862 0
147.126 -101.362 0
140.269 -84.622 0
146.274 -100.891 0
145.985 -101.948 0
138.005 -83.0877 0
135.567 -79.0037 0
135.282 -78.8184 0
134.94 -78.2461 0
135.012 -78.9904 0
134.697 -78.3174 0
134.446 -78.2053 0
134.238 -78.4143 0
134.023 -78.6203 0
133.793 -78.7045 0
133.522 -78.2502 0
133.284 -78.1185 0
133.074 -78.5781 0
132.828 -78.1412 0
132.599 -78.0579 0
132.644 -83.2697 0
132.336 -83.272 0
132.202 -101.975 0
132.15 -77.8804 0
132.021 -83.5672 0
131.598 -102.116 0
131.92 -78.0543 0
131.731 -82.9644 0
130.989 -102.278 0
130.387 -102.192 0
130.548 -91.194 0
129.781 -102.185 0
131.097 -79.7096 0
129.177 -102.14 0
130.829 -79.8362 0
129.755 -90.4421 0
130.548 -80.0469 0
129.359 -90.1908 0
127.942 -102.287 0
130.291 -80.0166 0
128.786 -91.321 0
127.329 -102.271 0
126.689 -102.423 0
126.073 -102.387 0
125.44 -102.43 0
129.833 -76.9925 0
124.874 -102.112 0
129.389 -77.0228 0
128.754 -79.7789 0
129.507 -75.645 0
128.466 -79.8648 0
129.438 -75.8742 0
128.421 -79.9774 0
129.342 -75.5124 0
128.114 -80.1759 0
129.092 -75.6929 0
127.903 -79.9352 0
128.912 -75.6116 0
127.733 -79.5778 0
128.734 -75.5275 0
127.422 -79.7019 0
128.604 -75.2996 0
127.386 -78.9724 0
128.402 -75.2953 0
127.343 -78.3303 0
128.179 -75.3434 0
127.011 -78.529 0
126.734 -79.2835 0
128.018 -75.2206 0
126.501 -79.1653 0
114.31 -110.862 0
127.915 -74.9576 0
126.203 -79.2092 0
113.595 -110.517 0
127.796 -74.7491 0
126.052 -78.891 0
125.682 -79.7688 0
112.806 -110.353 0
127.73 -74.4307 0
125.85 -78.7081 0
125.503 -79.4982 0
111.958 -110.312 0
111.538 -111.266 0
127.562 -74.3564 0
110.82 -110.878 0
127.472 -74.1184 0
124.689 -79.9459 0
110.045 -110.614 0
127.229 -74.2 0
124.501 -79.6899 0
109.312 -110.258 0
127.188 -73.8799 0
124.388 -79.2998 0
123.923 -80.1987 0
117.777 -92.0962 0
108.763 -109.546 0
108.49 -110.074 0
123.665 -80.0639 0
117.7 -91.1815 0
107.682 -109.851 0
123.424 -79.899 0
116.966 -91.4934 0
111.537 -101.242 0
123.156 -79.782 0
116.622 -91.0933 0
110.936 -100.936 0
122.752 -79.8905 0
116.057 -91.0721 0
110.386 -100.543 0
122.53 -79.6866 0
115.504 -91.0146 0
109.717 -100.345 0
98.1578 -118.981 0
122.265 -79.5548 0
115.014 -90.8462 0
109.756 -99.0331 0
97.3762 -118.311 0
122.034 -79.3691 0
114.672 -90.4461 0
109.172 -98.7229 0
96.4425 -117.878 0
121.856 -79.1065 0
108.643 -98.3294 0
95.6317 -117.258 0
93.78 -118.105 0
92.1397 -118.571 0
91.2669 -117.956 0
89.5775 -118.381 0
88.7073 -117.725 0
86.7595 -118.356 0
85.8698 -117.678 0
83.9613 -118.141 0
97.4682 -101.758 0
103.857 -93.8447 0
97.4085 -100.644 0
96.7124 -101.377 0
119.203 -77.2356 0
103.472 -93.3079 0
118.929 -77.0894 0
103.075 -92.7873 0
118.828 -76.7731 0
102.687 -92.2615 0
102.352 -91.6903 0
118.624 -76.161 0
101.851 -91.2748 0
118.61 -75.7864 0
101.423 -90.7918 0
100.843 -90.4366 0
118.446 -75.1774 0
118.594 -74.6978 0
118.471 -74.4431 0
118.448 -74.1163 0
90.1125 -95.1831 0
118.408 -73.8087 0
89.9143 -94.3069 0
118.203 -73.6214 0
89.318 -93.7212 0
117.58 -73.7124 0
103.365 -83.2772 0
88.0633 -93.5726 0
80.7334 -98.5044 0
103.087 -82.8025 0
87.6507 -92.8405 0
80.1446 -97.7217 0
102.842 -82.3081 0
87.8043 -91.7547 0
87.225 -92.1187 0
79.6684 -96.8657 0
102.682 -81.7645 0
87.3959 -91.0358 0
79.2062 -96.0032 0
102.377 -81.3109 0
79.4258 -94.7441 0
78.7327 -95.1497 0
102.079 -80.8517 0
78.972 -93.8942 0
101.867 -80.3449 0
78.7669 -92.9098 0
78.6221 -90.8372 0
78.7926 -89.7045 0
78.6347 -88.7469 0
78.249 -87.9 0
79.1592 -86.5666 0
78.1502 -86.9301 0
78.2061 -85.9067 0
84.1268 -82.6051 0
77.9482 -85.0209 0
84.0041 -81.7826 0
77.6211 -84.1636 0
83.671 -81.0405 0
77.9242 -83.0821 0
83.4339 -80.2638 0
77.6838 -82.2056 0
83.1524 -79.5021 0
77.7975 -81.2174 0
94.8126 -75.1195 0
82.9113 -78.727 0
77.5586 -80.3496 0
94.553 -74.5519 0
82.7394 -77.9315 0
77.3617 -79.4699 0
94.3304 -73.3789 0
77.1132 -77.7459 0
94.1263 -72.7934 0
77.0161 -76.8489 0
94.1346 -72.1589 0
76.8173 -75.9779 0
94.0075 -71.5568 0
88.8765 -72.6042 0
93.9192 -70.9472 0
88.6846 -71.9306 0
94.0165 -70.3065 0
87.1833 -71.4796 0
76.8016 -73.262 0
94.0361 -69.6843 0
87.0677 -70.7686 0
76.5121 -72.4109 0
93.948 -69.0808 0
86.9927 -70.0516 0
76.5598 -71.5079 0
93.8693 -68.476 0
86.87 -69.3414 0
76.5925 -70.612 0
93.741 -67.8764 0
86.7879 -68.6256 0
85.6636 -68.7467 0
76.4028 -69.7446 0
85.4133 -68.0285 0
76.2859 -68.8675 0
76.2124 -67.986 0
67.2211 -68.6706 0
76.1527 -67.1033 0
72.9444 -67.2971 0
67.2704 -67.6398 0
72.985 -66.3594 0
67.1873 -66.6185 0
82.0844 -65.1614 0
76.1939 -65.3323 0
72.9809 -65.4255 0
67.1797 -65.5937 0
61.1703 -65.768 0
72.9915 -64.4921 0
64.3313 -64.6075 0
61.1469 -64.65 0
58.2304 -64.6888 0
81.9756 -63.5804 0
64.3555 -63.5392 0
61.2006 -63.5318 0
58.2837 -63.525 0
81.9548 -62.788 0
64.456 -62.4729 0
61.3313 -62.4167 0
58.2958 -62.362 0
81.9464 -61.9949 0
58.3855 -61.2014 0
82.0099 -61.2042 0
58.4638 -60.0417 0
82.4423 -60.4383 0
82.4708 -59.6517 0
82.7487 -58.888 0
94.7703 -56.4216 0
94.9196 -55.8369 0
96.0366 -55.471 0
96.2006 -54.9071 0
97.094 -54.5326 0
97.014 -53.9151 0
97.8022 -53.5434 0
98.0528 -53.0267 0
98.5658 -52.5985 0
99.5222 -51.7518 0
100.138 -50.8109 0
100.814 -50.4988 0
101.3 -50.1217 0
101.518 -49.6337 0
101.745 -49.1491 0
101.765 -48.5631 0
101.955 -48.0554 0
102.338 -47.6475 0
102.674 -47.219 0
103.171 -46.8857 0
103.389 -46.3969 0
103.869 -46.0664 0
103.799 -45.3953 0
103.669 -44.6687 0
104.096 -44.3019 0
104.431 -43.8753 0
104.603 -43.3317 0
105 -42.9496 0
104.978 -42.2461 0
104.878 -41.4625 0
105.141 -40.9552 0
116.042 -49.5226 0
105.254 -40.3153 0
119.914 -52.4752 0
115.912 -48.9498 0
105.47 -39.7521 0
120.183 -52.3579 0
116.148 -48.6901 0
105.322 -38.8492 0
120.518 -52.3074 0
115.693 -47.7819 0
105.413 -38.1398 0
120.723 -52.14 0
105.606 -37.51 0
120.783 -51.8289 0
121.223 -51.9016 0
120.767 -51.4312 0
105.47 -35.6726 0
121.25 -51.5509 0
105.814 -35.1426 0
121.245 -51.1541 0
105.705 -34.11 0
106.017 -33.5138 0
99.6113 -21.1595 0
100.861 -20.003 0
101.569 -19.5358 0
96.7778 -12.7412 0
102.268 -19.0553 0
97.4994 -12.0635 0
98.3811 -11.6199 0
99.2041 -11.0906 0
119.275 -36.4231 0
119.99 -36.8094 0
120.454 -36.6959 0
121.706 -37.262 0
124.253 -42.405 0
122.071 -36.9556 0
124.635 -42.3873 0
122.676 -37.2663 0
125.025 -42.4042 0
122.79 -36.2735 0
125.345 -42.231 0
123.177 -35.9817 0
125.78 -42.402 0
123.72 -36.148 0
126.244 -42.6949 0
124.166 -36.0398 0
126.596 -42.6541 0
126.907 -42.4754 0
127.14 -41.9842 0
120.627 -17.08 0
115.765 1.51162 0
127.486 -41.9002 0
125.863 -35.2734 0
121.363 -16.8977 0
116.864 1.47794 0
127.774 -41.5602 0
126.381 -35.4608 0
122.282 -17.5112 0
117.917 1.6003 0
129.856 -49.6466 0
127.966 -40.7284 0
126.891 -35.6573 0
123.178 -18.1415 0
130.094 -49.6624 0
128.543 -41.7392 0
127.359 -35.6872 0
123.966 -18.3498 0
130.346 -49.77 0
128.798 -41.1493 0
127.73 -35.1969 0
124.693 -18.2781 0
130.57 -49.7349 0
125.396 -18.0709 0
130.881 -50.2927 0
131.182 -50.9156 0
131.085 -50.1773 0
131.426 -51.2189 0
131.31 -50.2128 0
131.622 -51.1411 0
131.829 -51.185 0
132.031 -51.1728 0
132.229 -51.0744 0
132.45 -51.5446 0
132.634 -50.9166 0
132.84 -50.9466 0
133.046 -50.9798 0
133.25 -51.0162 0
133.465 -50.7879 0
133.672 -50.8308 0
133.912 -50.4016 0
134.11 -50.5998 0
134.331 -50.5341 0
136.898 -25.9527 0
137.487 -26.0823 0
140.289 -2.78644 0
136.756 -35.898 0
138.07 -26.2505 0
141.156 -3.59206 0
135.29 -48.5045 0
137.18 -36.0825 0
138.635 -26.5159 0
142.035 -4.17407 0
135.554 -48.4288 0
137.579 -36.3907 0
139.174 -26.907 0
142.839 -5.12093 0
135.783 -48.5626 0
137.807 -37.5828 0
137.991 -36.5873 0
139.756 -27.0129 0
143.707 -5.58028 0
136.026 -48.6121 0
138.421 -36.6732 0
136.174 -49.1018 0
136.369 -49.3312 0
136.571 -49.5052 0
136.854 -49.3654 0
137.158 -49.1736 0
137.237 -49.7575 0
138.045 -48.8322 0
138.294 -48.8887 0
141.719 -39.176 0
138.647 -48.6701 0
142.14 -39.2358 0
138.802 -48.9861 0
142.507 -39.4414 0
139.039 -49.0824 0
142.893 -39.5972 0
139.298 -49.1276 0
146.825 -31.404 0
139.557 -49.1771 0
147.373 -31.5469 0
139.604 -49.6904 0
140.041 -48.7449 0
147.869 -31.807 0
140.088 -49.2627 0
139.867 -50.2836 0
140.084 -50.3962 0
149.442 -32.4209 0
140.313 -50.486 0
149.866 -32.817 0
140.469 -50.7093 0
150.385 -33.0369 0
150.855 -33.3425 0
144.191 -51.212 0
144.116 -51.7018 0
144.29 -51.902 0
148.673 -49.6468 0
148.878 -49.9165 0
160.846 -39.2022 0
149.033 -50.228 0
156.246 -43.9714 0
149.274 -50.4642 0
156.539 -44.3598 0
161.891 -39.8628 0
149.649 -50.5918 0
156.825 -44.7524 0
162.016 -40.5277 0
176.943 -28.3794 0
182.919 -23.5163 0
149.347 -51.2618 0
162.641 -40.7853 0
177.477 -29.0936 0
149.691 -51.4136 0
150.448 -50.8362 0
155.816 -46.7403 0
163.076 -41.201 0
177.834 -29.942 0
182.705 -26.2251 0
150.154 -51.4845 0
156.136 -47.067 0
162.74 -42.1901 0
174.825 -33.2667 0
182.626 -27.5062 0
156.354 -47.4685 0
163.034 -42.6958 0
175.354 -33.8939 0
157.227 -47.416 0
175.85 -34.5469 0
157.315 -47.9156 0
175.841 -35.5385 0
183.904 -30.1514 0
157.393 -48.4137 0
176.561 -36.0383 0
157.664 -48.7843 0
176.67 -36.9314 0
158.057 -49.0827 0
177.018 -37.6674 0
157.881 -49.7183 0
158.158 -50.0829 0
158.433 -50.9644 0
182.127 -42.4584 0
182.628 -43.1631 0
183.24 -44.743 0
183.351 -44.7 0
184.546 -45.1633 0
168.291 -53.6345 0
168.569 -54.1578 0
169.715 -53.8342 0
170.048 -54.3663 0
181.78 -51.2499 0
170.402 -54.899 0
181.604 -52.1106 0
181.588 -52.9221 0
172.833 -55.6134 0
174.376 -56.632 0
174.317 -57.3118 0
174.834 -57.8988 0
184.513 -67.8696 0
184.898 -68.7149 0
185.773 -69.6247 0
185.508 -70.43 0
186.749 -79.3389 0
185.026 -79.7361 0
173.137 -76.8768 0
184.838 -80.5667 0
172.825 -77.466 0
172.898 -78.1862 0
173.015 -78.9323 0
172.673 -79.5139 0
173.34 -79.7711 0
173.151 -80.4228 0
173.171 -81.165 0
188.785 -87.7547 0
172.715 -81.7074 0
173.423 -82.0197 0
188.197 -88.5287 0
188.333 -88.5888 0
172.928 -82.5504 0
180.858 -86.1938 0
173.312 -83.4943 0
178.579 -86.0142 0
173.25 -84.242 0
178.183 -86.6981 0
173.757 -85.2936 0
177.804 -87.3884 0
177.362 -88.0441 0
173.555 -86.8193 0
176.937 -88.706 0
173.33 -87.5253 0
176.553 -89.3901 0
172.863 -88.0918 0
172.388 -88.6492 0
166.017 -85.4111 0
171.931 -89.2136 0
165.711 -85.941 0
165.371 -86.4495 0
164.951 -86.9007 0
164.021 -86.9735 0
163.476 -87.3111 0
162.249 -87.1037 0
162.999 -87.6922 0
161.406 -87.1638 0
161.189 -87.6687 0
188.985 -110.863 0
160.497 -87.1953 0
188.241 -110.452 0
159.936 -87.4462 0
186.322 -110.276 0
159.085 -87.4271 0
185.201 -110.747 0
158.527 -87.6495 0
157.946 -87.8396 0
184.594 -113.176 0
157.791 -88.4344 0
157.435 -88.8392 0
181.645 -113.343 0
157.114 -89.2817 0
180.773 -113.989 0
156.602 -89.5234 0
180.035 -114.773 0
180.339 -115.1 0
155.79 -89.4229 0
156.268 -89.9546 0
178.646 -114.836 0
155.358 -89.7299 0
177.306 -114.913 0
154.885 -89.984 0
