1611676772951936
1611676773201935
1611676773451943
1611676773701941
1611676773951325
1611676774201323
1611676774451325
1611676774701327
1611676774951959
1611676775201956
1611676775451966
1611676775701967
1611676775951976
1611676776201344
1611676776451347
1611676776700732
1611676776950734
1611676777201375
1611676777451985
1611676777702611
1611676777951999
1611676778201997
1611676778451997
1611676778701377
1611676778950765
1611676779200757
1611676779450765
1611676779700768
1611676779950765
1611676780201400
1611676780451401
1611676780702028
1611676780952657
1611676781202652
1611676781452040
1611676781702042
1611676781952048
1611676782201424
1611676782451428
1611676782700804
1611676782950803
1611676783200804
1611676783450811
1611676783701439
1611676783951445
1611676784202071
1611676784452070
1611676784702701
1611676784952080
1611676785202089
1611676785451460
1611676785701468
1611676785951469
1611676786201473
1611676786451474
1611676786702101
1611676786952116
1611676787202107
1611676787452109
1611676787702114
1611676787952122
1611676788201496
1611676788450871
1611676788700880
1611676788950879
1611676789200879
1611676789450884
1611676789701512
1611676789951521
1611676790202145
1611676790452146
1611676790702146
1611676790952154
1611676791202159
1611676791451535
1611676791701535
1611676791951541
1611676792202171
1611676792452169
1611676792702801
1611676792952807
1611676793202811
1611676793452184
1611676793701563
1611676793951568
1611676794201570
1611676794451568
1611676794701574
1611676794951591
1611676795202201
1611676795452207
1611676795702833
1611676795952842
1611676796202220
1611676796452219
1611676796701597
1611676796951604
1611676797201606
1611676797450981
1611676797701608
1611676797952236
1611676798202869
1611676798452872
1611676798702873
1611676798952877
1611676799202876
1611676799452258
1611676799701636
1611676799951020
1611676800201011
1611676800451016
1611676800701650
1611676800951649
1611676801201658
1611676801452279
1611676801702911
1611676801952917
1611676802202915
1611676802452291
1611676802702295
1611676802951683
1611676803201053
1611676803450429
1611676803701056
1611676803951061
1611676804201694
1611676804452316
1611676804702319
1611676804952948
1611676805202327
1611676805452330
1611676805701706
1611676805951718
1611676806201711
1611676806451720
1611676806701722
1611676806952352
1611676807202353
1611676807452357
1611676807702357
1611676807952366
1611676808201740
1611676808451742
1611676808701748
1611676808951751
1611676809201759
1611676809452380
1611676809702385
1611676809952394
1611676810201766
1611676810451767
1611676810701767
1611676810952409
1611676811202402
1611676811451781
1611676811701785
1611676811951786
1611676812201787
1611676812451791
1611676812702428
1611676812951800
1611676813201798
1611676813451801
1611676813701804
1611676813952440
1611676814202438
1611676814452438
1611676814703067
1611676814952445
1611676815201829
1611676815451828
1611676815701833
1611676815951211
1611676816201840
1611676816451840
1611676816702469
1611676816952475
1611676817201857
1611676817451855
1611676817701831
1611676817951240
1611676818201237
1611676818451864
1611676818702491
1611676818952510
1611676819203126
1611676819452502
1611676819702506
1611676819951888
1611676820201888
1611676820451263
1611676820701268
1611676820951891
1611676821201904
1611676821451901
1611676821702530
1611676821952533
1611676822201910
1611676822452534
1611676822701920
1611676822951298
1611676823201297
1611676823450678
1611676823701305
1611676823951309
1611676824201939
1611676824451940
1611676824701944
1611676824952572
1611676825202580
1611676825452573
1611676825701953
1611676825951963
1611676826201333
1611676826451337
1611676826701343
1611676826951979
1611676827201980
1611676827451984
1611676827701979
1611676827952608
1611676828202611
1611676828452615
1611676828701990
1611676828951994
1611676829202000
1611676829452002
1611676829702631
1611676829952631
1611676830202633
1611676830452649
1611676830702014
1611676830952019
1611676831202023
1611676831452025
1611676831702649
1611676831953277
1611676832203278
1611676832453282
1611676832702662
1611676832952663
1611676833201423
1611676833451425
1611676833701433
1611676833951436
1611676834201434
1611676834452062
1611676834702067
1611676834952704
1611676835202069
1611676835453326
1611676835703333
1611676835952713
1611676836202711
1611676836452083
1611676836702087
1611676836952095
1611676837202097
1611676837452099
1611676837702729
1611676837952731
1611676838202733
1611676838452737
1611676838702113
1611676838952118
1611676839202122
1611676839452125
1611676839702753
1611676839953378
1611676840204004
1611676840454007
1611676840704013
1611676840953391
1611676841203402
1611676841452769
1611676841702774
1611676841952156
1611676842202159
1611676842452160
1611676842702159
1611676842952172
1611676843202175
1611676843452797
1611676843702799
1611676843952806
1611676844202178
1611676844452187
1611676844702187
1611676844951566
1611676845201568
1611676845451571
1611676845702198
1611676845952203
1611676846202206
1611676846452830
1611676846702832
1611676846952849
1611676847202217
1611676847452219
1611676847702223
1611676847952227
1611676848202849
1611676848452860
1611676848703484
1611676848953491
1611676849202873
1611676849453463
1611676849702873
1611676849951628
1611676850201630
1611676850451632
1611676850701634
1611676850951645
1611676851202268
1611676851452264
1611676851702898
1611676851952906
1611676852202900
1611676852452904
1611676852702910
1611676852952289
1611676853202289
1611676853452294
1611676853701669
1611676853952301
1611676854202305
1611676854452930
1611676854703556
1611676854953560
1611676855202936
1611676855452943
1611676855701696
1611676855952323
1611676856201701
1611676856451702
1611676856702330
1611676856952960
1611676857203591
1611676857452968
1611676857702971
1611676857952975
1611676858202355
1611676858452354
1611676858702354
1611676858952367
1611676859202989
1611676859452991
1611676859702992
1611676859952997
1611676860202373
1611676860451755
1611676860702383
1611676860952387
1611676861202387
1611676861453018
1611676861703576
1611676861953026
1611676862202400
1611676862452400
1611676862702403
1611676862952411
1611676863202413
1611676863453037
1611676863703042
1611676863952423
1611676864202424
1611676864452429
1611676864702430
1611676864952432
1611676865203067
1611676865453689
1611676865703063
1611676865953069
1611676866203069
1611676866453075
1611676866702456
1611676866952469
1611676867201834
1611676867451837
1611676867703092
1611676867953721
1611676868203725
1611676868453103
1611676868703103
1611676868952486
1611676869202480
1611676869451864
1611676869701862
1611676869951871
1611676870202501
1611676870452495
1611676870703125
1611676870953131
1611676871203133
1611676871452511
1611676871702515
1611676871952517
1611676872202518
1611676872452526
1611676872702530
1611676872953158
1611676873203166
1611676873453164
1611676873703166
1611676873952546
1611676874201921
1611676874451927
1611676874701924
1611676874951943
1611676875202562
1611676875452565
1611676875703187
1611676875953196
1611676876203199
1611676876453201
1611676876702577
1611676876952581
1611676877202584
1611676877451965
1611676877702585
1611676877952590
1611676878203221
1611676878453224
1611676878702609
1611676878952602
1611676879201978
1611676879451985
1611676879702295
1611676879951993
1611676880202620
1611676880452622
1611676880702004
1611676880952010
1611676881202635
1611676881452634
1611676881702014
1611676881952021
1611676882202648
1611676882452019
1611676882702022
1611676882952662
1611676883202654
1611676883452657
1611676883703285
1611676883953289
1611676884203289
1611676884453299
1611676884702674
1611676884952056
1611676885202056
1611676885452687
1611676885702688
1611676885953318
1611676886203944
1611676886453947
1611676886703343
1611676886952704
1611676887202080
1611676887452084
1611676887702086
1611676887952717
1611676888202717
1611676888452726
1611676888703349
1611676888953975
1611676889203983
1611676889453979
1611676889703357
1611676889953368
1611676890202746
1611676890452121
1611676890702126
1611676890952131
1611676891202754
1611676891453385
1611676891703396
1611676891953391
1611676892202765
1611676892452770
1611676892702773
1611676892952772
1611676893203406
1611676893453403
1611676893704030
1611676893953411
1611676894203417
1611676894452797
1611676894702172
1611676894952170
1611676895202178
1611676895452808
1611676895702810
1611676895954063
1611676896204693
1611676896454695
1611676896704072
1611676896953444
1611676897204087
1611676897452831
1611676897702834
1611676897952213
1611676898201590
1611676898452220
1611676898702222
1611676898952237
1611676899202853
1611676899453484
1611676899704107
1611676899954112
1611676900203486
1611676900453188
1611676900702246
1611676900952246
1611676901201623
1611676901451629
1611676901702883
1611676901953508
1611676902203511
1611676902453513
1611676902703517
1611676902953525
1611676903202902
1611676903452905
1611676903702910
1611676903952287
1611676904202287
1611676904452917
1611676904703542
1611676904953548
1611676905203555
1611676905452931
1611676905702932
1611676905952311
1611676906202310
1611676906452316
1611676906702944
1611676906952952
1611676907203575
1611676907453574
1611676907703582
1611676907953591
1611676908203592
1611676908452970
1611676908702971
1611676908952970
1611676909203600
1611676909453601
1611676909703609
1611676909953606
1611676910202360
1611676910452362
1611676910702276
1611676910951743
1611676911201750
1611676911452379
1611676911703007
1611676911953632
1611676912203637
1611676912453011
1611676912703648
1611676912953022
1611676913202405
1611676913451780
1611676913701784
1611676913951786
1611676914202410
1611676914452413
1611676914703041
1611676914952431
1611676915203048
1611676915453676
1611676915703680
1611676915953683
1611676916203688
1611676916453689
1611676916703692
1611676916953071
1611676917202450
1611676917452453
1611676917702453
1611676917953080
1611676918203707
1611676918453717
1611676918703715
1611676918953714
1611676919203099
1611676919453723
1611676919703729
1611676919953732
1611676920203731
1611676920453109
1611676920703115
1611676920953743
1611676921203750
1611676921453753
1611676921703750
1611676921953126
1611676922203135
1611676922453133
1611676922703139
1611676922953776
1611676923203769
1611676923454399
1611676923704401
1611676923953779
1611676924203780
1611676924453788
1611676924703166
1611676924953791
1611676925203796
1611676925453796
1611676925703801
1611676925953804
1611676926203805
1611676926453184
1611676926702565
1611676926952562
1611676927202573
1611676927452571
1611676927703199
1611676927953199
1611676928203832
1611676928453831
1611676928704461
1611676928953839
1611676929203848
1611676929453849
1611676929703224
1611676929952610
1611676930202608
1611676930452604
1611676930702612
1611676930953255
1611676931203241
1611676931453873
1611676931704505
1611676931954506
1611676932204507
1611676932453883
1611676932703264
1611676932953900
1611676933202645
1611676933452648
1611676933702650
1611676933952651
1611676934203277
1611676934453909
1611676934703908
1611676934954540
1611676935205166
1611676935454543
1611676935703925
1611676935954556
1611676936203303
1611676936453310
1611676936702685
1611676936953317
1611676937203324
1611676937453321
1611676937703322
1611676937955203
1611676938205206
1611676938455208
1611676938704582
1611676938953970
1611676939203338
1611676939452723
1611676939702720
1611676939952726
1611676940202099
1611676940452732
1611676940703361
1611676940953364
1611676941203365
1611676941453994
1611676941703999
1611676941954003
1611676942203378
1611676942453379
1611676942703382
1611676942953387
1611676943203391
1611676943454017
1611676943704646
1611676943954024
1611676944204029
1611676944454033
1611676944703408
1611676944952787
1611676945202794
1611676945452792
1611676945702795
1611676945954054
1611676946204675
1611676946455301
1611676946704684
1611676946954068
1611676947204064
1611676947453445
1611676947702822
1611676947952826
1611676948202823
1611676948452828
1611676948703455
1611676948953463
1611676949204091
1611676949454719
1611676949704720
1611676949954103
1611676950203477
1611676950452855
1611676950702233
1611676950952237
1611676951202866
1611676951453494
1611676951704123
1611676951954121
1611676952204750
1611676952454751
1611676952704134
1611676952953512
1611676953203517
1611676953452891
1611676953702891
1611676953952899
1611676954203524
1611676954454150
1611676954704782
1611676954954796
1611676955204162
1611676955453542
1611676955703544
1611676955953548
1611676956203550
1611676956453553
1611676956704180
1611676956954178
1611676957204809
1611676957454827
1611676957704818
1611676957954198
1611676958204196
1611676958453574
1611676958703584
1611676958952958
1611676959202963
1611676959453589
1611676959704219
1611676959954224
1611676960204224
1611676960454225
1611676960703603
1611676960953612
1611676961202991
1611676961452991
1611676961703617
1611676961954245
1611676962204872
1611676962454253
1611676962704251
1611676962954267
1611676963203637
1611676963453640
1611676963703643
1611676963953647
1611676964203646
1611676964454901
1611676964705527
1611676964955534
1611676965204913
1611676965454913
1611676965704290
1611676965953044
1611676966203049
1611676966453051
1611676966703054
1611676966953058
1611676967203681
1611676967454312
1611676967704316
1611676967954316
1611676968203698
1611676968453701
1611676968703702
1611676968954331
1611676969204961
1611676969454963
1611676969704336
1611676969954344
1611676970203719
1611676970453722
1611676970703100
1611676970953124
1611676971203735
1611676971454360
1611676971704986
1611676971954994
1611676972204992
1611676972454370
1611676972704375
1611676972953754
1611676973203753
1611676973453756
1611676973703138
1611676973953768
1611676974203764
1611676974454393
1611676974705026
1611676974955033
1611676975205028
1611676975454409
1611676975703788
1611676975953794
1611676976203796
1611676976453797
1611676976704420
1611676976954425
1611676977205058
1611676977455062
1611676977705062
1611676977955067
1611676978204442
1611676978453820
1611676978703824
1611676978953211
1611676979203826
1611676979453829
1611676979704462
1611676979955093
1611676980205721
1611676980455095
1611676980705098
1611676980954477
1611676981204480
1611676981453860
1611676981703862
1611676981953866
1611676982203870
1611676982454504
1611676982705123
1611676982954504
1611676983204510
1611676983454495
1611676983703884
1611676983953892
1611676984203894
1611676984454517
1611676984705148
1611676984956404
1611676985206412
1611676985455782
1611676985705158
1611676985955166
1611676986204543
1611676986453920
1611676986703709
1611676986953311
1611676987203303
1611676987453310
1611676987703937
1611676987954568
1611676988205192
1611676988455196
1611676988704572
1611676988954576
1611676989203955
1611676989453958
1611676989703335
1611676989953339
1611676990203342
1611676990453972
1611676990704595
1611676990955224
1611676991205855
1611676991455859
1611676991705236
1611676991955236
1611676992204615
1611676992454619
1611676992703997
1611676992953377
1611676993203383
1611676993453381
1611676993703381
1611676993954638
1611676994205261
1611676994455267
1611676994705264
1611676994955283
1611676995204651
1611676995454651
1611676995704029
1611676995954033
1611676996204038
1611676996453416
1611676996704047
1611676996954676
1611676997205305
1611676997455299
1611676997705308
1611676997954686
1611676998204688
1611676998454067
1611676998703446
1611676998953449
1611676999203450
1611676999453454
1611676999704080
1611676999954713
1611677000204714
1611677000455339
1611677000705344
1611677000955351
1611677001204733
1611677001454101
1611677001703478
1611677001953482
1611677002204113
1611677002454120
1611677002704744
1611677002954758
1611677003204752
1611677003454128
1611677003704132
1611677003954138
1611677004203514
1611677004454139
1611677004704144
1611677004955398
1611677005205400
1611677005454780
1611677005704783
1611677005954785
1611677006204166
1611677006453542
1611677006703545
1611677006954176
1611677007204175
1611677007454803
1611677007704806
1611677007954812
1611677008204188
1611677008453563
1611677008703572
1611677008953572
1611677009204208
1611677009454203
1611677009704829
1611677009955462
1611677010204836
1611677010454838
1611677010704841
1611677010954229
1611677011203601
1611677011453600
1611677011702982
1611677011953606
1611677012204234
1611677012454866
1611677012705494
1611677012954870
1611677013204871
1611677013454252
1611677013703630
1611677013953636
1611677014203636
1611677014454263
1611677014704262
1611677014954271
1611677015204896
1611677015454899
1611677015704901
1611677015954908
1611677016204281
1611677016454284
1611677016703663
1611677016953666
1611677017204298
1611677017454916
1611677017705551
1611677017955555
1611677018204934
1611677018454311
1611677018704315
1611677018954327
1611677019204317
1611677019454321
1611677019704953
1611677019954957
1611677020204958
1611677020454963
1611677020704963
1611677020954342
1611677021204346
1611677021453726
1611677021703102
1611677021953107
1611677022204356
1611677022455606
1611677022705612
1611677022955619
1611677023205622
1611677023455000
1611677023704380
1611677023954379
1611677024203754
1611677024454384
1611677024705012
1611677024955646
1611677025205651
1611677025455647
1611677025705023
1611677025955028
1611677026204407
1611677026453783
1611677026703786
1611677026953798
1611677027204418
1611677027455047
1611677027705674
1611677027955050
1611677028204427
1611677028454429
1611677028704438
1611677028954442
1611677029205068
1611677029455692
1611677029705694
1611677029955697
1611677030205704
1611677030455081
1611677030704455
1611677030954465
1611677031203839
1611677031453839
1611677031704472
1611677031955719
1611677032205727
1611677032455731
1611677032705105
1611677032955110
1611677033204496
1611677033454505
1611677033703874
1611677033953878
1611677034203878
1611677034454511
1611677034705130
1611677034955769
1611677035205764
1611677035455688
1611677035705143
1611677035954529
1611677036203904
1611677036454540
1611677036703286
1611677036953915
1611677037204538
1611677037455796
1611677037705795
1611677037955796
1611677038205805
1611677038455186
1611677038704563
1611677038954564
1611677039204568
1611677039453946
1611677039704572
1611677039955202
1611677040205825
1611677040456459
1611677040706459
1611677040955839
1611677041205223
1611677041455219
1611677041704595
1611677041954605
1611677042203977
1611677042453982
1611677042703982
1611677042954620
1611677043205861
1611677043457119
1611677043707122
1611677043956502
1611677044205879
1611677044455256
1611677044704631
1611677044954630
1611677045204012
1611677045454017
1611677045704016
1611677045954648
1611677046205276
1611677046455277
1611677046705906
1611677046955292
1611677047204664
1611677047454666
1611677047704668
1611677047954673
1611677048205300
1611677048455928
1611677048706554
1611677048955931
1611677049205940
1611677049455317
1611677049704692
1611677049954698
1611677050204074
1611677050454075
1611677050704080
1611677050954095
1611677051204713
1611677051455341
1611677051705967
1611677051955973
1611677052205972
1611677052454726
1611677052704731
1611677052954735
1611677053204736
1611677053455365
1611677053705365
1611677053955992
1611677054205995
1611677054455376
1611677054704757
1611677054954758
1611677055204762
1611677055454764
1611677055705393
1611677055956024
1611677056206024
1611677056455402
1611677056705402
1611677056954784
1611677057204792
1611677057454165
1611677057704164
1611677057954168
1611677058204798
1611677058455418
1611677058706049
1611677058956059
1611677059206055
1611677059455439
1611677059704813
1611677059954826
1611677060204824
1611677060454822
1611677060705455
1611677060956083
1611677061207334
1611677061457338
1611677061707338
1611677061956721
1611677062206095
1611677062456099
1611677062705476
1611677062954854
1611677063204860
1611677063454862
1611677063704863
1611677063955493
1611677064206117
1611677064456125
1611677064706126
1611677064955505
1611677065205511
1611677065454884
1611677065704888
1611677065954894
1611677066204897
1611677066455525
1611677066706163
1611677066956791
1611677067206783
1611677067456160
1611677067706163
1611677067955541
1611677068204921
1611677068454923
1611677068704926
1611677068954927
1611677069205557
1611677069456181
1611677069706812
1611677069956811
1611677070206190
1611677070456199
1611677070705575
1611677070955579
1611677071204954
1611677071454964
1611677071704337
1611677071954339
1611677072205593
1611677072456225
1611677072706222
1611677072956231
1611677073206236
1611677073456232
1611677073705609
1611677073954986
1611677074204995
1611677074454371
1611677074704373
1611677074955637
1611677075206880
1611677075457509
1611677075708134
1611677075957510
1611677076206889
1611677076456269
1611677076705644
1611677076955654
1611677077205656
1611677077455032
1611677077705033
1611677077954416
1611677078205043
1611677078455670
1611677078706293
1611677078956929
1611677079206308
1611677079456303
1611677079705681
1611677079955064
1611677080205063
1611677080454440
1611677080705074
1611677080955703
1611677081206332
1611677081456955
1611677081706958
1611677081956957
1611677082206335
1611677082455716
1611677082705093
1611677082955111
1611677083205102
1611677083455109
1611677083705732
1611677083956364
1611677084206365
1611677084455741
1611677084705750
1611677084955752
1611677085205132
1611677085455132
1611677085704810
1611677085955134
1611677086206387
1611677086457644
1611677086707649
1611677086957027
1611677087206402
1611677087455782
1611677087705783
1611677087955161
1611677088204535
1611677088454538
1611677088705168
1611677088955799
1611677089206429
1611677089457051
1611677089706429
1611677089956433
1611677090205816
1611677090455814
1611677090705190
1611677090954580
1611677091204573
1611677091454575
1611677091705206
1611677091956458
1611677092207086
1611677092456463
1611677092705841
1611677092955847
1611677093205222
1611677093455224
1611677093705227
1611677093955233
1611677094205861
1611677094455862
1611677094707117
1611677094956497
1611677095206498
1611677095455880
1611677095705881
1611677095955259
1611677096205258
1611677096455264
1611677096705265
1611677096955897
1611677097206524
1611677097456521
1611677097706530
1611677097956560
1611677098205933
1611677098455315
1611677098705318
1611677098954708
1611677099204700
1611677099455324
1611677099705948
1611677099956590
1611677100206582
1611677100456589
1611677100705965
1611677100955349
1611677101205347
1611677101454728
1611677101705351
1611677101955368
1611677102206612
1611677102456611
1611677102706612
1611677102956616
1611677103206600
1611677103455983
1611677103705356
1611677103955361
1611677104204735
1611677104454740
1611677104705994
1611677104955995
1611677105206632
1611677105456627
1611677105706003
1611677105955385
1611677106205386
1611677106455392
1611677106705392
1611677106956032
1611677107206653
1611677107457280
1611677107707284
1611677107957275
1611677108206660
1611677108456664
1611677108706056
1611677108956047
1611677109205425
1611677109455429
1611677109705434
1611677109955434
1611677110206065
1611677110456691
1611677110706692
1611677110956688
1611677111206074
1611677111456079
1611677111705450
1611677111955461
1611677112204837
1611677112454841
1611677112705469
1611677112956088
1611677113206728
1611677113456729
1611677113706727
1611677113956738
1611677114206108
1611677114455486
1611677114705491
1611677114954892
1611677115204873
1611677115455502
1611677115706129
1611677115956750
1611677116206768
1611677116456755
1611677116706769
1611677116956149
1611677117205525
1611677117455527
1611677117705531
1611677117954908
1611677118205531
1611677118456160
1611677118706790
1611677118956786
1611677119206170
1611677119455551
1611677119705552
1611677119955562
1611677120205560
1611677120455561
1611677120706191
1611677120956809
1611677121206831
1611677121456825
1611677121706200
1611677121955583
1611677122205582
1611677122454965
1611677122704965
1611677122956230
1611677123206846
1611677123456849
1611677123707480
1611677123956848
1611677124206231
1611677124456237
1611677124705614
1611677124954993
1611677125204996
1611677125454995
1611677125705624
1611677125956872
1611677126207506
1611677126457514
1611677126707513
1611677126956891
1611677127206267
1611677127455648
1611677127705648
1611677127955029
1611677128205027
1611677128456285
1611677128707540
1611677128957542
1611677129208174
1611677129458169
1611677129707552
1611677129957559
1611677130206932
1611677130456307
1611677130706310
1611677130955692
1611677131205070
1611677131455698
1611677131705692
1611677131956322
1611677132207574
1611677132457588
1611677132707586
1611677132957584
1611677133206969
1611677133456973
1611677133706350
1611677133955719
1611677134205732
1611677134455106
1611677134705737
1611677134956360
1611677135206995
1611677135457622
1611677135707002
1611677135956378
1611677136206379
1611677136455759
1611677136705135
1611677136955136
1611677137205148
1611677137455769
1611677137706397
1611677137957027
1611677138207657
1611677138457657
1611677138707034
1611677138956416
1611677139205789
1611677139455788
1611677139705801
1611677139956431
1611677140207052
1611677140457056
1611677140707055
1611677140956441
1611677141206442
1611677141455817
1611677141705194
1611677141955205
1611677142205206
1611677142455833
1611677142706462
1611677142957080
1611677143207711
1611677143457098
1611677143706470
1611677143955855
1611677144205847
1611677144455233
1611677144705237
1611677144955862
1611677145206494
1611677145456488
1611677145707126
1611677145957117
1611677146207123
1611677146456502
1611677146706502
1611677146955900
1611677147205262
1611677147455267
1611677147705269
1611677147955891
1611677148206529
1611677148457157
1611677148707785
1611677148957153
1611677149207162
1611677149456548
1611677149705923
1611677149955924
1611677150205300
1611677150455932
1611677150706561
1611677150957178
1611677151207189
1611677151457193
1611677151707195
1611677151956577
1611677152205950
1611677152455949
1611677152705331
1611677152955967
1611677153205970
1611677153457220
1611677153707844
1611677153957214
1611677154207223
1611677154456605
1611677154705984
1611677154955993
1611677155205983
1611677155455993
1611677155706622
1611677155957866
1611677156207874
1611677156457248
1611677156707267
1611677156956639
1611677157206011
1611677157456015
1611677157706012
1611677157956025
1611677158207273
1611677158457902
1611677158707901
1611677158957903
1611677159207287
1611677159457293
1611677159706664
1611677159956045
1611677160205438
1611677160455427
1611677160705434
1611677160956059
1611677161207315
1611677161458569
1611677161708568
1611677161958563
1611677162207949
1611677162457321
1611677162706706
1611677162956096
1611677163206087
1611677163455466
1611677163706088
1611677163956718
1611677164207346
1611677164457973
1611677164707975
1611677164958599
1611677165207987
1611677165457364
1611677165707367
1611677165956743
1611677166206112
1611677166456126
1611677166706129
1611677166956123
1611677167207378
1611677167458015
1611677167708017
1611677167957387
1611677168207398
1611677168456771
1611677168706779
1611677168956159
1611677169206157
1611677169456167
1611677169706788
1611677169956783
1611677170208048
1611677170458053
1611677170708050
1611677170957438
1611677171207431
1611677171456184
1611677171706805
1611677171956200
1611677172206818
1611677172456823
1611677172707455
1611677172957447
1611677173206833
1611677173456207
1611677173706217
1611677173955592
1611677174206216
1611677174456220
1611677174707469
1611677174957470
1611677175208105
1611677175458107
1611677175707480
1611677175956869
1611677176206876
1611677176456251
1611677176705630
1611677176955635
1611677177206265
1611677177456889
1611677177707513
1611677177957511
1611677178206890
1611677178456899
1611677178706279
1611677178955668
1611677179205665
1611677179455034
1611677179705671
1611677179956295
1611677180206916
1611677180458174
1611677180707545
1611677180957547
1611677181206929
1611677181456308
1611677181706311
1611677181956319
1611677182206313
1611677182457574
1611677182707579
1611677182957574
1611677183207576
1611677183457583
1611677183706964
1611677183956970
1611677184206339
1611677184456344
1611677184706351
1611677184956971
1611677185207610
1611677185457604
1611677185707614
1611677185957620
1611677186207001
1611677186456374
1611677186706100
1611677186955767
1611677187205750
1611677187457006
1611677187707642
1611677187958260
1611677188208267
1611677188458274
1611677188707652
1611677188957021
1611677189207031
1611677189456408
1611677189705788
1611677189955781
1611677190206416
1611677190457040
1611677190708300
1611677190958918
1611677191209560
1611677191458936
1611677191708305
1611677191958318
1611677192207690
1611677192457070
1611677192707073
1611677192956452
1611677193206457
1611677193457084
1611677193707086
1611677193957707
1611677194207094
1611677194457095
1611677194706476
1611677194956485
1611677195205856
1611677195455858
1611677195706485
1611677195957112
1611677196208989
1611677196458991
1611677196708998
1611677196958991
1611677197208377
1611677197458376
1611677197707752
1611677197957766
1611677198207142
1611677198457144
1611677198706519
1611677198956524
1611677199206530
1611677199456530
1611677199707158
1611677199958404
1611677200208419
1611677200458422
1611677200707798
1611677200957174
1611677201206558
1611677201456556
1611677201706553
1611677201956554
1611677202207814
1611677202458445
1611677202708446
1611677202959072
1611677203208451
1611677203457827
1611677203707204
1611677203956590
1611677204207209
1611677204457216
1611677204707212
1611677204957840
1611677205207848
1611677205457234
1611677205706609
1611677205956609
1611677206206610
1611677206456611
1611677206707869
1611677206958487
1611677207209121
1611677207458506
1611677207708507
1611677207958514
1611677208208515
1611677208457261
1611677208706645
1611677208956648
1611677209206659
1611677209457903
1611677209708529
1611677209958527
1611677210208541
1611677210458541
1611677210707913
1611677210957924
1611677211207298
1611677211457304
1611677211707300
1611677211956676
1611677212206688
1611677212457940
1611677212709192
1611677212959187
1611677213209197
1611677213458578
1611677213708583
1611677213957955
1611677214207961
1611677214457964
1611677214707969
1611677214957969
1611677215207349
1611677215456729
1611677215706730
1611677215956735
1611677216207358
1611677216457987
1611677216709239
1611677216959237
1611677217209254
1611677217459252
1611677217708626
1611677217958628
1611677218208008
1611677218458011
1611677218707390
1611677218957409
1611677219207397
1611677219456776
1611677219707400
1611677219957395
1611677220208657
1611677220458657
1611677220708667
1611677220958047
1611677221208047
1611677221457419
1611677221706798
1611677221956805
1611677222206185
1611677222456807
1611677222707432
1611677222958694
1611677223209324
1611677223459327
1611677223708703
1611677223958704
1611677224208702
1611677224458084
1611677224707462
1611677224957459
1611677225206853
1611677225456843
1611677225706843
1611677225957478
1611677226208111
1611677226458107
1611677226708116
1611677226957497
1611677227207493
1611677227456878
1611677227706874
1611677227956874
1611677228207508
1611677228458128
1611677228708137
1611677228957508
1611677229207521
1611677229457522
1611677229707528
1611677229957526
1611677230207527
1611677230457539
1611677230706916
1611677230956918
1611677231207539
1611677231457558
1611677231708802
1611677231959420
1611677232209429
1611677232458805
1611677232708190
1611677232957570
1611677233207576
1611677233457568
1611677233706942
1611677233956966
1611677234206953
1611677234456947
1611677234707582
1611677234958213
1611677235209467
1611677235459473
1611677235708847
1611677235958232
1611677236208230
1611677236457606
1611677236707605
1611677236956996
1611677237206988
1611677237456365
1611677237706993
1611677237958257
1611677238208885
1611677238458882
1611677238709508
1611677238958883
1611677239208266
1611677239457646
1611677239707646
1611677239957649
1611677240207652
1611677240457045
1611677240707657
1611677240957656
1611677241207671
1611677241457673
1611677241707673
1611677241958306
1611677242208309
1611677242459558
1611677242709560
1611677242958948
1611677243208936
1611677243458939
1611677243708321
1611677243958325
1611677244207705
1611677244457710
1611677244707083
1611677244957716
1611677245208339
1611677245458357
1611677245707720
1611677245957718
1611677246207732
1611677246457102
1611677246707112
1611677246957736
1611677247208364
1611677247459617
1611677247710244
1611677247960877
1611677248210248
1611677248459625
1611677248709636
1611677248959012
1611677249209021
1611677249458390
1611677249707766
1611677249957778
1611677250207153
1611677250457151
1611677250707152
1611677250957781
1611677251208417
1611677251459041
1611677251709041
1611677251959038
1611677252208426
1611677252458427
1611677252707803
1611677252957179
1611677253207181
1611677253457191
1611677253707191
1611677253957815
1611677254209069
1611677254459070
1611677254708449
1611677254957831
1611677255208464
1611677255457214
1611677255707209
1611677255957224
1611677256207845
1611677256457853
1611677256708474
1611677256959722
1611677257210357
1611677257459739
1611677257709117
1611677257959118
1611677258209119
1611677258458499
1611677258707880
1611677258957891
1611677259207882
1611677259457260
1611677259706643
1611677259957271
1611677260207896
1611677260458521
1611677260709152
1611677260959147
1611677261208537
1611677261457913
1611677261707286
1611677261956674
1611677262207300
1611677262457926
1611677262708552
1611677262959799
1611677263210434
1611677263459813
1611677263709809
1611677263959189
1611677264208566
1611677264457947
1611677264707950
1611677264957326
1611677265207337
1611677265457334
1611677265707965
1611677265958584
1611677266209224
1611677266459841
1611677266709226
1611677266959232
1611677267208596
1611677267458610
1611677267707983
1611677267957995
1611677268207373
1611677268456748
1611677268706751
1611677268957371
1611677269208631
1611677269459888
1611677269709893
1611677269960520
1611677270210517
1611677270460521
1611677270709277
1611677270959276
1611677271209282
1611677271458656
1611677271708039
1611677271958048
1611677272207420
1611677272457419
1611677272707431
1611677272958053
1611677273208691
1611677273459940
1611677273710560
1611677273959936
1611677274209950
1611677274459321
1611677274709323
1611677274958711
1611677275208086
1611677275457471
1611677275707465
1611677275958087
1611677276208719
1611677276459969
1611677276709975
1611677276959972
1611677277209981
1611677277459356
1611677277709360
1611677277958736
1611677278208742
1611677278458118
1611677278707497
1611677278957507
1611677279207503
1611677279458136
1611677279708759
1611677279959385
1611677280209393
1611677280459399
1611677280708777
1611677280958151
1611677281207534
1611677281457536
1611677281708155
1611677281958787
1611677282209409
1611677282459420
1611677282709424
1611677282959436
1611677283208797
1611677283458804
1611677283708185
1611677283958191
1611677284207563
1611677284457564
1611677284708191
1611677284958202
1611677285208202
1611677285458211
1611677285707578
1611677285957586
1611677286208217
1611677286458844
1611677286709473
1611677286960091
1611677287210101
1611677287459479
1611677287708855
1611677287958865
1611677288208242
1611677288457611
1611677288707620
1611677288957636
1611677289208258
1611677289458879
1611677289709511
1611677289959502
1611677290208886
1611677290458886
1611677290708266
1611677290958275
1611677291207647
1611677291457654
1611677291707658
1611677291957653
1611677292208913
1611677292459538
1611677292710795
1611677292960792
1611677293210170
1611677293460176
1611677293709557
1611677293958932
1611677294208934
1611677294458314
1611677294707690
1611677294957702
1611677295207701
1611677295458330
1611677295709582
1611677295959576
1611677296210215
1611677296460210
1611677296709591
1611677296959590
1611677297208985
1611677297458354
1611677297707728
1611677297957726
1611677298208360
1611677298458989
1611677298708991
1611677298958998
1611677299208996
1611677299458374
1611677299708378
1611677299957750
1611677300207761
1611677300457760
1611677300708392
1611677300959648
1611677301210276
1611677301460897
1611677301710901
1611677301960905
1611677302210286
1611677302460291
1611677302709666
1611677302959037
1611677303208426
1611677303459053
1611677303708428
1611677303957799
1611677304207808
1611677304458440
1611677304708440
1611677304959059
1611677305209070
1611677305459701
1611677305709077
1611677305959076
1611677306208599
1611677306458460
1611677306707844
1611677306958483
1611677307209097
1611677307460347
1611677307710352
1611677307960978
1611677308210351
1611677308459733
1611677308709740
1611677308959121
1611677309208499
1611677309458497
1611677309707875
1611677309957255
1611677310207887
1611677310457886
1611677310709138
1611677310959760
1611677311210392
1611677311460400
1611677311710400
1611677311959782
1611677312209779
1611677312459166
1611677312708538
1611677312958547
1611677313208559
1611677313457923
1611677313707925
1611677313957930
1611677314207934
1611677314459810
1611677314709809
1611677314960444
1611677315210446
1611677315459818
1611677315709826
1611677315959199
1611677316208581
1611677316458587
1611677316707962
1611677316957958
1611677317207967
1611677317458599
1611677317709850
1611677317960472
1611677318210476
1611677318460480
1611677318709864
1611677318959243
1611677319209247
1611677319458615
1611677319708625
1611677319957996
1611677320208626
1611677320458635
1611677320709262
1611677320959257
1611677321208655
1611677321458647
1611677321708024
1611677321958646
1611677322209282
1611677322459907
1611677322710536
1611677322961161
1611677323210541
1611677323459923
1611677323709921
1611677323959919
1611677324209300
1611677324458677
1611677324708057
1611677324958688
1611677325209320
1611677325460569
1611677325711197
1611677325961203
1611677326211199
1611677326460584
1611677326710585
1611677326961216
1611677327210599
1611677327460597
1611677327709967
1611677327959969
1611677328209973
1611677328459984
1611677328709357
1611677328958738
1611677329208742
1611677329458114
1611677329708125
1611677329958118
1611677330208123
1611677330459382
1611677330710010
1611677330960641
1611677331211262
1611677331460640
1611677331710642
1611677331960019
1611677332209401
1611677332459406
1611677332708781
1611677332958780
1611677333208166
1611677333458167
1611677333708171
1611677333959417
1611677334210052
1611677334460056
1611677334710058
1611677334960054
1611677335209434
1611677335459443
1611677335708815
1611677335958817
1611677336208202
1611677336458204
1611677336708206
1611677336958832
1611677337209467
1611677337460093
1611677337710091
1611677337959469
1611677338209474
1611677338458849
1611677338708231
1611677338958241
1611677339208242
1611677339458244
1611677339708864
1611677339959495
1611677340210744
1611677340460759
1611677340710759
1611677340960135
1611677341210131
1611677341458887
1611677341708892
1611677341958899
1611677342208271
1611677342458275
1611677342708278
1611677342958912
1611677343209537
1611677343460161
1611677343710795
1611677343960165
1611677344210177
1611677344459551
1611677344708931
1611677344958933
1611677345208322
1611677345458939
1611677345709560
1611677345960187
1611677346210198
1611677346459570
1611677346709577
1611677346958967
1611677347208957
1611677347458960
1611677347708341
1611677347958344
1611677348208350
1611677348458975
1611677348710227
1611677348960851
1611677349210235
1611677349460241
1611677349710240
1611677349959620
1611677350208993
1611677350459002
1611677350708381
1611677350957756
1611677351207756
1611677351458390
1611677351709015
1611677351960261
1611677352210271
1611677352460271
1611677352709651
1611677352959029
1611677353208414
1611677353458409
1611677353709043
1611677353959051
1611677354209675
1611677354460300
1611677354710302
1611677354959692
1611677355209679
1611677355459064
1611677355709064
1611677355959068
1611677356208452
1611677356459076
1611677356709703
1611677356960323
1611677357210332
1611677357460333
1611677357709714
1611677357959719
1611677358209719
1611677358459094
1611677358708474
1611677358958474
1611677359209106
1611677359459729
1611677359710358
1611677359960985
1611677360210997
1611677360460375
1611677360710375
1611677360959756
1611677361209765
1611677361459138
1611677361709137
1611677361958520
1611677362208520
1611677362458524
1611677362709150
1611677362960408
1611677363211027
1611677363461032
1611677363711040
1611677363960416
1611677364209794
1611677364459796
1611677364709172
1611677364959178
1611677365209177
1611677365458555
1611677365709185
1611677365959811
1611677366210441
1611677366461068
1611677366711696
1611677366961071
1611677367211076
1611677367460455
1611677367709838
1611677367959839
1611677368209215
1611677368459220
1611677368709222
1611677368959217
1611677369209856
1611677369460482
1611677369711107
1611677369961117
1611677370210492
1611677370460491
1611677370710515
1611677370959889
1611677371209879
1611677371459253
1611677371708632
1611677371959262
1611677372209266
1611677372459890
1611677372711142
1611677372961771
1611677373212409
1611677373462408
1611677373712411
1611677373962415
1611677374211788
1611677374461791
1611677374711175
1611677374961174
1611677375210550
1611677375460554
1611677375709932
1611677375959313
1611677376209315
1611677376459317
1611677376708697
1611677376959329
1611677377209333
1611677377460577
1611677377711210
1611677377961204
1611677378211214
1611677378461219
1611677378710597
1611677378960611
1611677379210601
1611677379459977
1611677379709987
1611677379959354
1611677380209361
1611677380459362
1611677380709368
1611677380959377
1611677381209373
1611677381460003
1611677381710009
1611677381960013
1611677382209393
1611677382459388
1611677382708768
1611677382959401
1611677383209400
1611677383460657
1611677383710656
1611677383960654
1611677384210660
1611677384460042
1611677384710044
1611677384959424
1611677385208802
1611677385459423
1611677385709432
1611677385960055
1611677386210686
1611677386461577
1611677386711319
1611677386961331
1611677387210696
1611677387460700
1611677387710073
1611677387960075
1611677388210085
1611677388460090
1611677388709468
1611677388958850
1611677389208846
1611677389459476
1611677389710730
1611677389961353
1611677390211981
1611677390461986
1611677390711991
1611677390961999
1611677391211993
1611677391461371
1611677391711380
1611677391961383
1611677392210784
1611677392460758
1611677392710762
1611677392960783
1611677393210158
1611677393460150
1611677393709528
1611677393959529
1611677394208918
1611677394460161
1611677394710790
1611677394961421
1611677395212046
1611677395461428
1611677395711428
1611677395960801
1611677396210804
1611677396460811
1611677396710191
1611677396960195
1611677397209572
1611677397459574
1611677397709583
1611677397959585
1611677398209583
1611677398460210
1611677398710213
1611677398960211
1611677399210215
1611677399460223
1611677399710225
1611677399959599
1611677400209610
1611677400459608
1611677400709611
1611677400959616
1611677401209628
1611677401459621
1611677401709627
1611677401959631
1611677402210262
1611677402460879
1611677402711517
1611677402961522
1611677403211521
1611677403460898
1611677403710900
1611677403960903
1611677404210899
1611677404460281
1611677404710284
1611677404960291
1611677405209669
1611677405460293
1611677405709670
1611677405959673
1611677406209677
1611677406459060
1611677406709687
1611677406960306
1611677407211566
1611677407461572
1611677407711580
1611677407960956
1611677408210953
1611677408460330
1611677408710337
1611677408959721
1611677409209726
1611677409459092
1611677409709096
1611677409959721
1611677410210352
1611677410460982
1611677410711606
1611677410962238
1611677411212242
1611677411462244
1611677411711621
1611677411961629
1611677412211005
1611677412461004
1611677412711010
1611677412960391
1611677413210391
1611677413460396
1611677413709780
1611677413959780
1611677414209779
1611677414459779
1611677414709782
1611677414960416
1611677415211042
1611677415461040
1611677415711045
1611677415960434
1611677416210428
1611677416459808
1611677416709813
1611677416959808
1611677417209824
1611677417459819
1611677417711067
1611677417961695
1611677418211699
1611677418461711
1611677418711081
1611677418961090
1611677419211085
1611677419460465
1611677419710470
1611677419959854
1611677420209853
1611677420459234
1611677420709860
1611677420960489
1611677421211115
1611677421461740
1611677421711745
1611677421961752
1611677422211753
1611677422461128
1611677422711131
1611677422961136
1611677423211141
1611677423460520
1611677423711148
1611677423960526
1611677424209903
1611677424459903
1611677424709907
1611677424959289
1611677425209920
1611677425459918
1611677425710544
1611677425961167
1611677426211800
1611677426461803
1611677426711814
1611677426961200
1611677427211185
1611677427461188
1611677427711191
1611677427961199
1611677428211204
1611677428460576
1611677428710578
1611677428959953
1611677429209963
1611677429459967
1611677429710591
1611677429959965
1611677430209973
1611677430459978
1611677430709983
1611677430959988
1611677431210613
1611677431461865
1611677431712494
1611677431963119
1611677432213125
1611677432463124
1611677432713763
1611677432963133
1611677433213761
1611677433463763
1611677433713140
1611677433963148
1611677434213153
1611677434463151
1611677434713157
1611677434963158
1611677435213159
1611677435462544
1611677435712541
1611677435962546
1611677436211924
1611677436462552
1611677436712559
1611677436961935
1611677437211935
1611677437461937
1611677437711317
1611677437961321
1611677438211320
1611677438460695
1611677438710701
1611677438960086
1611677439210086
1611677439459461
1611677439710093
1611677439960096
1611677440210725
1611677440461351
1611677440711975
1611677440961976
1611677441211363
1611677441461989
1611677441711361
1611677441961362
1611677442211382
1611677442461380
1611677442711375
1611677442961389
1611677443211383
1611677443461395
1611677443711388
1611677443960765
1611677444211400
1611677444461394
1611677444710771
1611677444960781
1611677445210784
1611677445460785
1611677445710788
1611677445960785
1611677446210797
1611677446460801
1611677446710178
1611677446960183
1611677447210188
1611677447460191
1611677447710811
1611677447960810
1611677448210816
1611677448460819
1611677448710827
1611677448960209
1611677449210213
1611677449460209
1611677449710838
1611677449961468
1611677450211469
1611677450462103
1611677450712099
1611677450962114
1611677451212106
1611677451462109
1611677451712111
1611677451962111
1611677452211494
1611677452461496
1611677452712121
1611677452962128
1611677453212130
1611677453462134
1611677453712134
1611677453962145
1611677454212143
1611677454462146
1611677454712150
1611677454961545
1611677455211530
1611677455461533
1611677455711540
1611677455961544
1611677456211545
1611677456461544
1611677456710922
1611677456960931
1611677457210944
1611677457460933
1611677457710940
1611677457960945
1611677458210943
1611677458461575
1611677458711576
1611677458961583
1611677459211581
1611677459461590
1611677459710966
1611677459961595
1611677460210971
1611677460460972
1611677460710976
1611677460960991
1611677461210981
1611677461460985
1611677461710985
1611677461960366
1611677462210367
1611677462460373
1611677462710996
1611677462960999
1611677463211007
1611677463460387
1611677463710386
1611677463960387
1611677464210406
1611677464460397
1611677464711030
1611677464960403
1611677465210410
1611677465460407
1611677465710413
1611677465961034
1611677466211663
1611677466461667
1611677466712301
1611677466962316
1611677467211679
1611677467461683
1611677467711683
1611677467961697
1611677468211692
1611677468461066
1611677468711695
1611677468961696
1611677469211711
1611677469461709
1611677469711707
1611677469962333
1611677470212337
1611677470462345
1611677470712349
1611677470961728
1611677471211729
1611677471461731
1611677471711736
1611677471961743
1611677472212367
1611677472461746
1611677472711748
1611677472961750
1611677473212388
1611677473462379
1611677473712383
1611677473962390
1611677474212392
1611677474462394
1611677474713021
1611677474963023
1611677475213030
1611677475463028
1611677475713029
1611677475963035
1611677476213035
1611677476462414
1611677476712421
1611677476962421
1611677477212427
1611677477462432
1611677477711809
1611677477961818
1611677478211814
1611677478461816
1611677478712443
1611677478962451
1611677479212449
1611677479462452
1611677479712453
1611677479961831
1611677480211838
1611677480461842
1611677480711841
1611677480961846
1611677481211863
1611677481461856
1611677481711855
1611677481961855
1611677482211863
1611677482461866
1611677482711868
1611677482961874
1611677483211875
1611677483462503
1611677483712505
1611677483962507
1611677484212511
1611677484462507
1611677484712513
1611677484962520
1611677485212521
1611677485462528
1611677485712526
1611677485962530
1611677486212535
1611677486463160
1611677486713167
1611677486963174
1611677487213170
1611677487462555
1611677487712552
1611677487963185
1611677488213182
1611677488462560
1611677488712576
1611677488962575
1611677489213202
1611677489463204
1611677489712582
1611677489961962
1611677490211963
1611677490462590
1611677490711966
1611677490961980
1611677491211974
1611677491461977
1611677491711979
1611677491961978
1611677492211986
1611677492461993
1611677492712008
1611677492961991
1611677493211995
1611677493461376
1611677493711386
1611677493962010
1611677494212009
1611677494462011
1611677494712021
1611677494962017
1611677495212024
1611677495462651
1611677495712656
1611677495962659
1611677496212660
1611677496462659
1611677496712665
1611677496962664
1611677497212675
1611677497463304
1611677497713306
1611677497963308
1611677498213315
1611677498463310
1611677498713314
1611677498962698
1611677499213322
1611677499463329
1611677499713329
1611677499963331
1611677500213336
1611677500463962
1611677500713966
1611677500963966
1611677501213967
1611677501463975
1611677501713978
1611677501963980
1611677502213981
1611677502463982
1611677502713987
1611677502964621
1611677503214618
1611677503464623
1611677503714625
1611677503964630
1611677504214633
1611677504464637
1611677504715274
1611677504965263
1611677505215265
1611677505465280
1611677505715275
1611677505965278
1611677506215905
1611677506465909
1611677506715919
1611677506965916
1611677507215919
1611677507465918
1611677507715922
1611677507967179
1611677508217177
1611677508467181
1611677508717190
1611677508967813
1611677509217818
1611677509468444
1611677509717824
1611677509968455
1611677510218455
1611677510467835
1611677510718461
1611677510969094
1611677511218461
1611677511469096
1611677511719101
1611677511969100
1611677512219100
1611677512468484
1611677512719121
1611677512969111
1611677513219737
1611677513469746
1611677513719765
1611677513969754
1611677514219756
1611677514469757
1611677514719759
1611677514969761
1611677515220392
1611677515470395
1611677515720396
1611677515970401
1611677516220401
1611677516470406
1611677516720409
1611677516970410
1611677517221037
1611677517471044
1611677517721046
1611677517970421
1611677518219797
1611677518469803
1611677518719811
1611677518969817
1611677519219814
1611677519469818
1611677519719821
1611677519969825
1611677520219822
1611677520469826
1611677520719840
1611677520969836
1611677521219838
1611677521469837
1611677521719840
1611677521969844
1611677522220477
1611677522469849
1611677522719855
1611677522969859
1611677523219880
1611677523469864
1611677523719865
1611677523969249
1611677524219877
1611677524469874
1611677524719883
1611677524969882
1611677525219886
1611677525470514
1611677525720516
1611677525970526
1611677526220525
1611677526471152
1611677526721156
1611677526970542
1611677527219909
1611677527469286
1611677527718665
1611677527968671
1611677528218672
1611677528468678
1611677528718692
1611677528968678
1611677529218681
1611677529468690
1611677529718691
1611677529968694
1611677530218694
1611677530468703
1611677530718705
1611677530968704
1611677531218707
1611677531469334
1611677531719348
1611677531969973
1611677532219972
1611677532470600
1611677532721228
1611677532971242
1611677533221235
1611677533471237
1611677533720613
1611677533969996
1611677534219379
1611677534469377
1611677534719378
1611677534970011
1611677535220011
1611677535470012
1611677535720016
1611677535969390
1611677536220021
1611677536470650
1611677536720660
1611677536970657
1611677537220659
1611677537470663
1611677537721292
1611677537971290
1611677538221297
1611677538470675
1611677538720679
1611677538970679
1611677539220059
1611677539470063
1611677539720067
1611677539970071
1611677540220071
1611677540470699
1611677540720703
1611677540970700
1611677541221331
1611677541471962
1611677541721964
1611677541971348
1611677542220721
1611677542470100
1611677542719476
1611677542969511
1611677543219484
1611677543469487
1611677543719490
1611677543970118
1611677544220119
1611677544470745
1611677544720759
1611677544970762
1611677545220758
1611677545471382
1611677545720759
1611677545971392
1611677546221390
1611677546470785
1611677546721402
1611677546970778
1611677547221405
1611677547471408
1611677547720786
1611677547970795
1611677548219542
1611677548469550
1611677548718925
1611677548968927
1611677549218930
1611677549469559
1611677549719564
1611677549969567
1611677550219572
1611677550469573
1611677550720195
1611677550970206
1611677551220205
1611677551470211
1611677551720213
1611677551970845
1611677552220841
1611677552470846
1611677552720858
1611677552971477
1611677553221482
1611677553470857
1611677553720860
1611677553970867
1611677554220865
1611677554470867
1611677554720871
1611677554970873
1611677555220879
1611677555471505
1611677555721508
1611677555971513
1611677556221517
1611677556470888
1611677556720895
1611677556970904
1611677557220900
1611677557471530
1611677557720911
1611677557970916
1611677558221538
1611677558470918
1611677558720922
1611677558970932
1611677559221554
1611677559471551
1611677559720931
1611677559970935
1611677560220315
1611677560470316
1611677560720954
1611677560970945
1611677561221579
1611677561471580
1611677561721583
1611677561971589
1611677562221590
1611677562470964
1611677562720969
1611677562970978
1611677563221600
1611677563472228
1611677563721613
1611677563970992
1611677564220988
1611677564470368
1611677564720372
1611677564969750
1611677565220379
1611677565470382
1611677565720382
1611677565970389
1611677566221021
1611677566471639
1611677566721643
1611677566972280
1611677567222274
1611677567471026
1611677567719783
1611677567969787
1611677568219159
1611677568469789
1611677568719805
1611677568970429
1611677569220424
1611677569470425
1611677569721055
1611677569970435
1611677570220439
1611677570471064
1611677570721070
1611677570971072
1611677571221701
1611677571471705
1611677571721703
1611677571971714
1611677572221710
1611677572471089
1611677572719842
1611677572970472
1611677573221100
1611677573470475
1611677573721102
1611677573971111
1611677574221111
1611677574471115
1611677574721118
1611677574971753
1611677575222371
1611677575471750
1611677575721753
1611677575971134
1611677576220511
1611677576469886
1611677576719899
1611677576969896
1611677577219273
1611677577469277
1611677577719280
1611677577969910
1611677578219907
1611677578470537
1611677578720539
1611677578970545
1611677579220547
1611677579470548
1611677579720551
1611677579970563
1611677580220559
1611677580471188
1611677580721193
1611677580971196
1611677581221824
1611677581471202
1611677581721832
1611677581971208
1611677582221832
1611677582471833
1611677582722464
1611677582971847
1611677583221228
1611677583470602
1611677583719978
1611677583969983
1611677584219982
1611677584469984
1611677584720003
1611677584969991
1611677585219996
1611677585469997
1611677585720003
1611677585970633
1611677586220632
1611677586470633
1611677586720637
1611677586970644
1611677587220648
1611677587471270
1611677587721276
1611677587971283
1611677588221288
1611677588471289
1611677588721287
1611677588971293
1611677589221295
1611677589471922
1611677589721303
1611677589972562
1611677590221937
1611677590471316
1611677590720695
1611677590970078
1611677591220070
1611677591470078
1611677591720079
1611677591970708
1611677592220702
1611677592470706
1611677592721349
1611677592970714
1611677593221348
1611677593471347
1611677593721976
1611677593971982
1611677594221983
1611677594471359
1611677594721361
1611677594970742
1611677595220121
1611677595470122
1611677595720121
1611677595970754
1611677596220755
1611677596470131
1611677596720134
1611677596970144
1611677597220151
1611677597470145
1611677597720147
1611677597970154
1611677598220779
1611677598470784
1611677598720785
1611677598970795
1611677599220793
1611677599470794
1611677599720797
1611677599971429
1611677600221429
1611677600471429
1611677600721446
1611677600970814
1611677601220817
1611677601471444
1611677601721446
1611677601971456
1611677602220828
1611677602471458
1611677602722084
1611677602972090
1611677603222092
1611677603471470
1611677603720848
1611677603970853
1611677604220854
1611677604470855
1611677604720860
1611677604970859
1611677605221492
1611677605472119
1611677605722121
1611677605972128
1611677606221501
1611677606471503
1611677606721510
1611677606971516
1611677607222141
1611677607471516
1611677607722144
1611677607972152
1611677608222152
1611677608471533
1611677608720921
1611677608970912
1611677609220293
1611677609469670
1611677609720298
1611677609970304
1611677610220306
1611677610470307
1611677610720308
1611677610970312
1611677611220317
1611677611470940
1611677611721575
1611677611972204
1611677612222200
1611677612471579
1611677612721580
1611677612971588
1611677613220965
1611677613470965
1611677613721592
1611677613971596
1611677614221602
1611677614471604
1611677614721607
1611677614971619
1611677615221614
1611677615471617
1611677615721618
1611677615971624
1611677616221625
1611677616471627
1611677616722268
1611677616972272
1611677617222264
1611677617472265
1611677617722267
1611677617972276
1611677618221649
1611677618471651
1611677618721027
1611677618971034
1611677619221036
1611677619471038
1611677619721041
1611677619971669
1611677620221676
1611677620471680
1611677620722307
1611677620972934
1611677621222313
1611677621472315
1611677621721689
1611677621971073
1611677622221070
1611677622471077
1611677622721704
1611677622971715
1611677623222334
1611677623472339
1611677623722341
1611677623971721
1611677624221724
1611677624471724
1611677624721736
1611677624971728
1611677625222359
1611677625472362
1611677625722367
1611677625972373
1611677626221746
1611677626471125
1611677626721128
1611677626971133
1611677627221135
1611677627471134
1611677627721769
1611677627971773
1611677628222397
1611677628472398
1611677628722400
1611677628971797
1611677629221786
1611677629471162
1611677629721166
1611677629971170
1611677630221172
1611677630471800
1611677630721801
1611677630971811
1611677631222430
1611677631473062
1611677631723062
1611677631972443
1611677632222444
1611677632471825
1611677632721211
1611677632971208
1611677633221212
1611677633471836
1611677633721841
1611677633971845
1611677634222472
1611677634472470
1611677634722476
1611677634971857
1611677635221859
1611677635471857
1611677635721243
1611677635971245
1611677636221247
1611677636471874
1611677636721875
1611677636972506
1611677637222504
1611677637471887
1611677637721890
1611677637971269
1611677638221272
1611677638471269
1611677638721275
1611677638972535
1611677639222534
1611677639472535
1611677639722539
1611677639972540
1611677640221920
1611677640471916
1611677640721305
1611677640971300
1611677641221305
1611677641471313
1611677641721316
1611677641971942
1611677642222570
1611677642472570
1611677642723202
1611677642973205
1611677643221958
1611677643471329
1611677643721339
1611677643971343
1611677644221340
1611677644471341
1611677644721970
1611677644971978
1611677645221981
1611677645472603
1611677645722612
1611677645973243
1611677646222618
1611677646471991
1611677646721995
1611677646972005
1611677647222002
1611677647472634
1611677647722647
1611677647972642
1611677648222642
1611677648472041
1611677648721408
1611677648971402
1611677649222030
1611677649472036
1611677649722034
1611677649972665
1611677650222666
1611677650472682
1611677650722046
1611677650971427
1611677651220804
1611677651470805
1611677651720809
1611677651970814
1611677652221440
1611677652471442
1611677652722075
1611677652972077
1611677653222080
1611677653472082
1611677653722708
1611677653972715
1611677654222725
1611677654472719
1611677654722098
1611677654971484
1611677655220854
1611677655470853
1611677655720854
1611677655971488
1611677656221488
1611677656471488
1611677656722129
1611677656972123
1611677657222125
1611677657472756
1611677657723382
1611677657973391
1611677658222140
1611677658471517
1611677658721516
1611677658971539
1611677659221528
1611677659472154
1611677659722157
1611677659972161
1611677660222789
1611677660472789
1611677660722795
1611677660972173
1611677661222175
1611677661471553
1611677661721555
1611677661972198
1611677662222187
1611677662472818
1611677662722821
1611677662972830
1611677663222826
1611677663472829
1611677663722827
1611677663972829
1611677664222213
1611677664471591
1611677664721601
1611677664971597
1611677665221596
1611677665472227
1611677665722226
1611677665972861
1611677666222863
1611677666472867
1611677666721617
1611677666971623
1611677667221003
1611677667470385
1611677667721004
1611677667971636
1611677668221639
1611677668471640
1611677668721645
1611677668971648
1611677669221650
1611677669472276
1611677669722903
1611677669972913
1611677670223537
1611677670472915
1611677670722292
1611677670972300
1611677671221670
1611677671471049
1611677671721056
1611677671971060
1611677672222313
1611677672472311
1611677672722943
1611677672972942
1611677673223572
1611677673472948
1611677673722329
1611677673971708
1611677674221087
1611677674471089
1611677674721088
1611677674971091
1611677675221730
1611677675471725
1611677675722352
1611677675972984
1611677676222986
1611677676472988
1611677676722367
1611677676972372
1611677677221748
1611677677471749
1611677677721754
1611677677972382
1611677678222383
1611677678473010
1611677678723638
1611677678973016
1611677679222404
1611677679472402
1611677679721781
1611677679971788
1611677680222413
1611677680472412
1611677680722427
1611677680973048
1611677681223049
1611677681472428
1611677681722428
1611677681971810
1611677682221188
1611677682471188
1611677682721812
1611677682972445
1611677683222445
1611677683473074
1611677683723072
1611677683973080
1611677684223079
1611677684472462
1611677684721840
1611677684971217
1611677685221224
1611677685471223
1611677685721229
1611677685971859
1611677686221859
1611677686471859
1611677686722489
1611677686973123
1611677687223120
1611677687473121
1611677687722498
1611677687972507
1611677688222509
1611677688472508
1611677688722527
1611677688972517
1611677689223143
1611677689473150
1611677689723148
1611677689972530
1611677690221904
1611677690471285
1611677690721286
1611677690971292
1611677691221295
1611677691471920
1611677691722546
1611677691972557
1611677692223182
1611677692473183
1611677692723809
1611677692973187
1611677693222571
1611677693471948
1611677693721322
1611677693970702
1611677694221328
1611677694471336
1611677694721959
1611677694971974
1611677695222595
1611677695473218
1611677695723223
1611677695973858
1611677696223857
1611677696473233
1611677696722619
1611677696971989
1611677697221994
1611677697471998
1611677697721369
1611677697972005
1611677698222630
1611677698472633
1611677698722646
1611677698973276
1611677699223266
1611677699473271
1611677699722654
1611677699972027
1611677700220780
1611677700470784
1611677700720790
1611677700971411
1611677701221417
1611677701472055
1611677701722060
1611677701972677
1611677702222678
1611677702473305
1611677702723934
1611677702973947
1611677703223313
1611677703472691
1611677703722067
1611677703971451
1611677704221452
1611677704471455
1611677704721470
1611677704971461
1611677705222091
1611677705472718
1611677705723347
1611677705973353
1611677706223976
1611677706473352
1611677706722733
1611677706972736
1611677707222114
1611677707472113
1611677707722119
1611677707973372
1611677708223374
1611677708473377
1611677708723381
1611677708972762
1611677709221513
1611677709471517
1611677709721517
1611677709971524
1611677710222149
1611677710472153
1611677710722782
1611677710972792
1611677711222786
1611677711473415
1611677711723418
1611677711972800
1611677712222177
1611677712472176
1611677712722189
1611677712972809
1611677713223435
1611677713473433
1611677713723439
1611677713973443
1611677714223445
1611677714472827
1611677714722204
1611677714971581
1611677715220959
1611677715471592
1611677715721593
1611677715972222
1611677716222860
1611677716473475
1611677716724101
1611677716973481
1611677717222862
1611677717472869
1611677717722238
1611677717972245
1611677718222247
1611677718472877
1611677718723502
1611677718973511
1611677719222888
1611677719472265
1611677719721637
1611677719971641
1611677720222268
1611677720472902
1611677720722912
1611677720972906
1611677721223533
1611677721474162
1611677721723538
1611677721972917
1611677722222319
1611677722472330
1611677722721701
1611677722972329
1611677723222332
1611677723472959
1611677723723586
1611677723973592
1611677724223587
1611677724473596
1611677724722976
1611677724972357
1611677725221737
1611677725471731
1611677725721732
1611677725972364
1611677726222365
1611677726472976
1611677726723621
1611677726973631
1611677727223629
1611677727472996
1611677727722365
1611677727971746
1611677728221755
1611677728471752
1611677728722390
1611677728973014
1611677729223638
1611677729473639
1611677729723640
1611677729973646
1611677730223024
1611677730472400
1611677730721780
1611677730971785
1611677731221788
1611677731472412
1611677731722416
1611677731972422
1611677732223050
1611677732473681
1611677732723679
1611677732973680
1611677733223062
1611677733473064
1611677733722442
1611677733972447
1611677734222445
1611677734473080
1611677734723707
1611677734973705
1611677735223712
1611677735473088
1611677735722465
1611677735971849
1611677736221848
1611677736471848
1611677736721863
1611677736971854
1611677737222484
1611677737473123
1611677737723119
1611677737973115
1611677738223749
1611677738474367
1611677738724375
1611677738973751
1611677739223135
1611677739472513
1611677739721894
1611677739972513
1611677740221894
1611677740472522
1611677740723149
1611677740973153
1611677741223782
1611677741473786
1611677741723791
1611677741973168
1611677742222547
1611677742471932
1611677742721930
1611677742972565
1611677743222560
1611677743472562
1611677743723190
1611677743973186
1611677744223197
1611677744473820
1611677744724459
1611677744974450
1611677745223837
1611677745473211
1611677745722582
1611677745971963
1611677746221974
1611677746471973
1611677746722600
1611677746972598
1611677747223229
1611677747473861
1611677747723859
1611677747973861
1611677748223241
1611677748473244
1611677748722623
1611677748972630
1611677749223254
1611677749473256
1611677749723885
1611677749973891
1611677750223897
1611677750473273
1611677750722651
1611677750972035
1611677751222032
1611677751472035
1611677751722034
1611677751972662
1611677752223293
1611677752473294
1611677752723932
1611677752973922
1611677753224553
1611677753474560
1611677753723941
1611677753973313
1611677754222694
1611677754472071
1611677754722074
1611677754972701
1611677755223328
1611677755473959
1611677755723959
1611677755973960
1611677756223968
1611677756473344
1611677756722716
1611677756972730
1611677757222726
1611677757473357
1611677757723362
1611677757973991
1611677758223994
1611677758473992
1611677758723998
1611677758973384
1611677759223379
1611677759472755
1611677759722136
1611677759972763
1611677760223392
1611677760473392
1611677760724026
1611677760974647
1611677761224040
1611677761474029
1611677761723411
1611677761972787
1611677762222168
1611677762472171
1611677762722172
1611677762972802
1611677763223428
1611677763473431
1611677763724059
1611677763974060
1611677764224059
1611677764473443
1611677764722822
1611677764972822
1611677765221579
1611677765471579
1611677765720959
1611677765971587
1611677766221592
1611677766471585
1611677766721593
1611677766970978
1611677767221598
1611677767471603
1611677767721605
1611677767971610
1611677768222237
1611677768472232
1611677768722880
1611677768972877
1611677769222876
1611677769473502
1611677769724125
1611677769974135
1611677770224142
1611677770474142
1611677770723517
1611677770972894
1611677771222900
1611677771472276
1611677771722280
1611677771972912
1611677772222909
1611677772473542
1611677772724172
1611677772974172
1611677773224179
1611677773474180
1611677773723558
1611677773972936
1611677774222935
1611677774472318
1611677774722943
1611677774972954
1611677775223569
1611677775474199
1611677775724205
1611677775974212
1611677776223585
1611677776474215
1611677776724229
1611677776973598
1611677777224225
1611677777474854
1611677777724228
1611677777973615
1611677778223609
1611677778472986
1611677778722366
1611677778973000
1611677779223622
1611677779473624
1611677779723631
1611677779974261
1611677780224262
1611677780474262
1611677780724259
1611677780973645
1611677781223026
1611677781472400
1611677781721781
1611677781971781
1611677782222411
1611677782473039
1611677782722420
1611677782973056
1611677783223665
1611677783473679
1611677783723050
1611677783973687
1611677784223680
1611677784474315
1611677784724328
1611677784974319
1611677785223690
1611677785473074
1611677785722453
1611677785972456
1611677786222457
1611677786472453
1611677786723087
1611677786973094
1611677787223094
1611677787473716
1611677787724980
1611677787974350
1611677788223733
1611677788473731
1611677788723115
1611677788972491
1611677789222492
1611677789472499
1611677789722506
1611677789973132
1611677790223757
1611677790473755
1611677790724384
1611677790974394
1611677791223773
1611677791473773
1611677791723148
1611677791973153
1611677792222537
1611677792473161
1611677792723172
1611677792973785
1611677793223799
1611677793474422
1611677793725050
1611677793974425
1611677794223800
1611677794473187
1611677794722564
1611677794972562
1611677795222562
1611677795473188
1611677795722578
1611677795972583
1611677796223211
1611677796473835
1611677796724464
1611677796974466
1611677797224470
1611677797473841
1611677797723222
1611677797973227
1611677798222598
1611677798472606
1611677798723234
1611677798973240
1611677799223244
1611677799473870
1611677799724497
1611677799974502
1611677800224498
1611677800473884
1611677800723268
1611677800972638
1611677801222640
1611677801472643
1611677801723274
1611677801973904
1611677802223905
1611677802473902
1611677802724533
1611677802974535
1611677803224543
1611677803473917
1611677803723920
1611677803972677
1611677804222679
1611677804472678
1611677804723307
1611677804973314
1611677805223318
1611677805473321
1611677805723949
1611677805973954
1611677806223950
1611677806474588
1611677806725214
1611677806974590
1611677807223965
1611677807473346
1611677807722715
1611677807972719
1611677808222728
1611677808472723
1611677808722747
1611677808972741
1611677809222731
1611677809472737
1611677809723365
1611677809973380
1611677810224005
1611677810474004
1611677810724004
1611677810974638
1611677811224643
1611677811474644
1611677811724021
1611677811973397
1611677812222779
1611677812472779
1611677812722784
1611677812972786
1611677813222788
1611677813473416
1611677813724040
1611677813974049
1611677814224045
1611677814474679
1611677814724683
1611677814974069
1611677815224061
1611677815474063
1611677815724072
1611677815974071
1611677816224076
1611677816474704
1611677816724086
1611677816974083
1611677817224088
1611677817474088
1611677817724096
1611677817974096
1611677818224728
1611677818475354
1611677818724731
1611677818974110
1611677819223486
1611677819472868
1611677819722861
1611677819972871
1611677820222868
1611677820473506
1611677820723506
1611677820974134
1611677821224135
1611677821474762
1611677821724767
1611677821974770
1611677822224777
1611677822474776
1611677822724150
1611677822973539
1611677823222911
1611677823472913
1611677823722910
1611677823972921
1611677824223550
1611677824473549
1611677824724187
1611677824974184
1611677825224183
1611677825474816
1611677825724821
1611677825974195
1611677826223576
1611677826472944
1611677826722953
1611677826972954
1611677827222963
1611677827472965
1611677827723587
1611677827973591
1611677828224218
1611677828474223
1611677828724852
1611677828974854
1611677829224238
1611677829474240
1611677829723618
1611677829973619
1611677830224245
1611677830474875
1611677830724880
1611677830974885
1611677831224881
1611677831474256
1611677831723642
1611677831973021
1611677832223014
1611677832473022
1611677832723048
1611677832973657
1611677833223659
1611677833473664
1611677833724290
1611677833974295
1611677834224299
1611677834474294
1611677834724925
1611677834974928
1611677835224311
1611677835474309
1611677835723691
1611677835973695
1611677836223694
1611677836473700
1611677836723701
1611677836974331
1611677837224334
1611677837474332
1611677837724962
1611677837974966
1611677838224973
1611677838474350
1611677838723722
1611677838973108
1611677839223109
1611677839473104
1611677839723738
1611677839974365
1611677840224375
1611677840474374
1611677840725014
1611677840975002
1611677841225011
1611677841474386
1611677841723764
1611677841973140
1611677842223147
1611677842472528
1611677842723156
1611677842973785
1611677843223782
1611677843473786
1611677843724417
1611677843974423
1611677844225042
1611677844475047
1611677844725047
1611677844974426
1611677845224432
1611677845473806
1611677845723189
1611677845973190
1611677846223824
1611677846473820
1611677846723820
1611677846973828
1611677847223833
1611677847473828
1611677847723838
1611677847973844
1611677848223838
1611677848474471
1611677848724479
1611677848974481
1611677849225108
1611677849475101
1611677849725108
1611677849974492
1611677850224491
1611677850474487
1611677850723868
1611677850973874
1611677851224507
1611677851474505
1611677851724510
1611677851975134
1611677852225145
1611677852475141
1611677852724523
1611677852973895
1611677853223276
1611677853473283
1611677853722664
1611677853972662
1611677854223290
1611677854473300
1611677854723294
1611677854973935
1611677855223930
1611677855473924
1611677855724551
1611677855974568
1611677856225189
1611677856475195
1611677856725198
1611677856974574
1611677857223956
1611677857473957
1611677857723338
1611677857973340
1611677858222713
1611677858473341
1611677858723344
1611677858973979
1611677859223976
1611677859474602
1611677859725233
1611677859975236
1611677860225238
1611677860474608
1611677860723994
1611677860973366
1611677861223377
1611677861473377
1611677861724006
1611677861974642
1611677862224642
1611677862474643
1611677862724639
1611677862975280
1611677863225902
1611677863475279
1611677863724654
1611677863974030
1611677864223406
1611677864473418
1611677864723429
1611677864974042
1611677865224049
1611677865474680
1611677865725304
1611677865975311
1611677866225308
1611677866475935
1611677866725312
1611677866974075
1611677867224075
1611677867473453
1611677867723453
1611677867973462
1611677868224083
1611677868474715
1611677868724714
1611677868975343
1611677869225346
1611677869475355
1611677869724731
1611677869974115
1611677870223484
1611677870473488
1611677870723494
1611677870973502
1611677871224126
1611677871474125
1611677871724132
1611677871974760
1611677872224764
1611677872475388
1611677872726025
1611677872976021
1611677873225402
1611677873475404
1611677873724149
1611677873974154
1611677874223537
1611677874473549
1611677874723538
1611677874974165
1611677875224790
1611677875474804
1611677875724807
1611677875974808
1611677876225432
1611677876475434
1611677876725439
1611677876975439
1611677877224814
1611677877474198
1611677877723580
1611677877973584
1611677878223582
1611677878473589
1611677878724212
1611677878974227
1611677879224219
1611677879474850
1611677879724851
1611677879976102
1611677880225483
1611677880474858
1611677880724875
1611677880974240
1611677881224246
1611677881474249
1611677881724258
1611677881974882
1611677882225504
1611677882475506
1611677882724889
1611677882974895
1611677883224275
1611677883473650
1611677883723649
1611677883974908
1611677884226159
1611677884476784
1611677884726160
1611677884975546
1611677885225552
1611677885474926
1611677885724299
1611677885973678
1611677886223678
1611677886473680
1611677886724314
1611677886974324
1611677887224949
1611677887475573
1611677887725578
1611677887976203
1611677888225585
1611677888474955
1611677888724342
1611677888974337
1611677889223722
1611677889474348
1611677889724344
1611677889974989
1611677890224985
1611677890476229
1611677890726236
1611677890975612
1611677891224987
1611677891474371
1611677891723761
1611677891973128
1611677892223755
1611677892474377
1611677892724386
1611677892975008
1611677893225017
1611677893475643
1611677893726278
1611677893975652
1611677894225032
1611677894474406
1611677894723787
1611677894973793
1611677895223795
1611677895473793
1611677895725052
1611677895975678
1611677896225679
1611677896475053
1611677896725070
1611677896974434
1611677897223812
1611677897474441
1611677897724440
1611677897975081
1611677898225705
1611677898475700
1611677898725710
1611677898974459
1611677899224469
1611677899473847
1611677899723842
1611677899974477
1611677900225109
1611677900475102
1611677900725727
1611677900976357
1611677901226370
1611677901475742
1611677901725115
1611677901974495
1611677902224503
1611677902474505
1611677902724505
1611677902974516
1611677903225135
1611677903475139
1611677903725773
1611677903975775
1611677904225148
1611677904475149
1611677904724551
1611677904973290
1611677905223288
1611677905473286
1611677905723918
1611677905974552
1611677906225178
1611677906475174
1611677906725804
1611677906976431
1611677907226437
1611677907476442
1611677907725819
1611677907975199
1611677908224574
1611677908473956
1611677908723957
1611677908974588
1611677909225211
1611677909475846
1611677909726467
1611677909976466
1611677910225220
1611677910474602
1611677910724602
1611677910974616
1611677911224614
1611677911475236
1611677911725242
1611677911975867
1611677912225880
1611677912475984
1611677912725891
1611677912975257
1611677913224636
1611677913474014
1611677913724021
1611677913974642
1611677914225270
1611677914475972
1611677914726534
1611677914975912
1611677915225912
1611677915475350
1611677915724667
1611677915974666
1611677916224047
1611677916474111
1611677916724680
1611677916974680
1611677917224690
1611677917475376
1611677917725948
1611677917975942
1611677918225941
1611677918474762
1611677918724706
1611677918974089
1611677919224704
1611677919474769
1611677919724719
1611677919975347
1611677920225344
1611677920475412
1611677920725363
1611677920975982
1611677921225989
1611677921476045
1611677921724736
1611677921974742
1611677922224119
1611677922474168
1611677922724128
1611677922974756
1611677923225388
1611677923476011
1611677923726015
1611677923976645
1611677924226026
1611677924476669
1611677924725403
1611677924974780
1611677925225404
1611677925474791
1611677925724787
1611677925974789
1611677926225413
1611677926476045
1611677926726055
1611677926976682
1611677927226055
1611677927475434
1611677927724817
1611677927974189
1611677928224193
1611677928474200
1611677928724835
1611677928976079
1611677929226080
1611677929476713
1611677929726717
1611677929976713
1611677930226088
1611677930474842
1611677930724854
1611677930974849
1611677931224852
1611677931474858
1611677931725486
1611677931976114
1611677932226117
1611677932476118
1611677932725499
1611677932975504
1611677933224885
1611677933474885
1611677933725511
1611677933975513
1611677934226141
1611677934476774
1611677934726777
1611677934976778
1611677935226156
1611677935475539
1611677935724910
1611677935974913
1611677936224913
1611677936476167
1611677936726810
1611677936977431
1611677937226809
1611677937476179
1611677937725559
1611677937974941
1611677938224315
1611677938474320
1611677938724323
1611677938975576
1611677939226203
1611677939476828
1611677939726207
1611677939976215
1611677940225588
1611677940474971
1611677940724351
1611677940974347
1611677941224349
1611677941474359
1611677941724358
1611677941974364
1611677942224986
1611677942474989
1611677942724999
1611677942975634
1611677943226250
1611677943476878
1611677943726884
1611677943976263
1611677944226264
1611677944475642
1611677944725032
1611677944974402
1611677945224409
1611677945475029
1611677945725658
1611677945976287
1611677946226913
1611677946476292
1611677946726299
1611677946975674
1611677947225048
1611677947475052
1611677947725056
1611677947975066
1611677948225691
1611677948476317
1611677948726946
1611677948977576
1611677949227580
1611677949477577
1611677949727583
1611677949976339
1611677950225712
1611677950475713
1611677950725717
1611677950975730
1611677951226354
1611677951476355
1611677951726355
1611677951975733
1611677952225111
1611677952474494
1611677952725126
1611677952975743
1611677953226998
1611677953477003
1611677953726381
1611677953975761
1611677954225140
1611677954474516
1611677954724519
1611677954974533
1611677955225772
1611677955476401
1611677955727032
1611677955976416
1611677956226411
1611677956475790
1611677956725794
1611677956975169
1611677957225176
1611677957475179
1611677957725807
1611677957975810
1611677958226435
1611677958477069
1611677958727070
1611677958975828
1611677959225201
1611677959475203
1611677959725207
1611677959975838
1611677960226459
1611677960477087
1611677960727107
1611677960977098
1611677961226477
1611677961475228
1611677961725228
1611677961974609
1611677962223987
1611677962474613
1611677962724617
1611677962975248
1611677963225875
1611677963475874
1611677963726501
1611677963977136
1611677964227136
1611677964476514
1611677964726515
1611677964975889
1611677965225270
1611677965474647
1611677965724653
1611677965975285
1611677966225905
1611677966475909
1611677966727165
1611677966977800
1611677967227801
1611677967477171
1611677967726548
1611677967975932
1611677968225935
1611677968475317
1611677968725323
1611677968975944
1611677969226576
1611677969476574
1611677969726580
1611677969976585
1611677970225954
1611677970474711
1611677970725344
1611677970974716
1611677971225341
1611677971475969
1611677971726598
1611677971976604
1611677972226603
1611677972476608
1611677972726009
1611677972976617
1611677973225372
1611677973475369
1611677973724749
1611677973975380
1611677974225380
1611677974476007
1611677974726015
1611677974976651
1611677975227273
1611677975477269
1611677975726650
1611677975976657
1611677976226030
1611677976475407
1611677976726055
1611677976975412
1611677977226043
1611677977476673
1611677977727302
1611677977976682
1611677978226052
1611677978476064
1611677978725439
1611677978974815
1611677979225449
1611677979475447
1611677979726075
1611677979976700
1611677980226705
1611677980476708
1611677980725461
1611677980974840
1611677981225462
1611677981475474
1611677981725475
1611677981976101
1611677982226726
1611677982476729
1611677982727365
1611677982977365
1611677983226741
1611677983476118
1611677983725499
1611677983974879
1611677984224877
1611677984474881
1611677984725514
1611677984976139
1611677985226767
1611677985476766
1611677985726768
1611677985976149
1611677986225526
1611677986475528
1611677986725538
1611677986975538
1611677987226162
1611677987476797
1611677987726174
1611677987976181
1611677988226175
1611677988476182
1611677988726184
1611677988976192
1611677989226817
1611677989476815
1611677989727444
1611677989976825
1611677990226828
1611677990475576
1611677990724954
1611677990974962
1611677991224970
1611677991475591
1611677991725594
1611677991976224
1611677992226228
1611677992476852
1611677992726870
1611677992976232
1611677993226238
1611677993475621
1611677993725621
1611677993976250
1611677994226249
1611677994476895
1611677994726888
1611677994976883
1611677995226262
1611677995475644
1611677995725644
1611677995975026
1611677996225024
1611677996475026
1611677996725034
1611677996975039
1611677997225666
1611677997476294
1611677997726292
1611677997976920
1611677998227550
1611677998477552
1611677998727552
1611677998976941
1611677999226310
1611677999475693
1611677999725696
1611677999975076
1611678000225072
1611678000475704
1611678000726343
1611678000975714
1611678001226333
1611678001476968
1611678001726968
1611678001976347
1611678002226344
1611678002475724
1611678002725728
1611678002975734
1611678003226357
1611678003476995